country,consumption_ede_2020,consumption_ede_2021,consumption_ede_2022,consumption_ede_2023,consumption_ede_2024,consumption_ede_2025,consumption_ede_2026,consumption_ede_2027,consumption_ede_2028,consumption_ede_2029,consumption_ede_2030,consumption_ede_2031,consumption_ede_2032,consumption_ede_2033,consumption_ede_2034,consumption_ede_2035,consumption_ede_2036,consumption_ede_2037,consumption_ede_2038,consumption_ede_2039,consumption_ede_2040,consumption_ede_2041,consumption_ede_2042,consumption_ede_2043,consumption_ede_2044,consumption_ede_2045,consumption_ede_2046,consumption_ede_2047,consumption_ede_2048,consumption_ede_2049,consumption_ede_2050,consumption_ede_2051,consumption_ede_2052,consumption_ede_2053,consumption_ede_2054,consumption_ede_2055,consumption_ede_2056,consumption_ede_2057,consumption_ede_2058,consumption_ede_2059,consumption_ede_2060,consumption_ede_2061,consumption_ede_2062,consumption_ede_2063,consumption_ede_2064,consumption_ede_2065,consumption_ede_2066,consumption_ede_2067,consumption_ede_2068,consumption_ede_2069,consumption_ede_2070,consumption_ede_2071,consumption_ede_2072,consumption_ede_2073,consumption_ede_2074,consumption_ede_2075,consumption_ede_2076,consumption_ede_2077,consumption_ede_2078,consumption_ede_2079,consumption_ede_2080,consumption_ede_2081,consumption_ede_2082,consumption_ede_2083,consumption_ede_2084,consumption_ede_2085,consumption_ede_2086,consumption_ede_2087,consumption_ede_2088,consumption_ede_2089,consumption_ede_2090,consumption_ede_2091,consumption_ede_2092,consumption_ede_2093,consumption_ede_2094,consumption_ede_2095,consumption_ede_2096,consumption_ede_2097,consumption_ede_2098,consumption_ede_2099,consumption_ede_2100,co2_emissions_2020,co2_emissions_2021,co2_emissions_2022,co2_emissions_2023,co2_emissions_2024,co2_emissions_2025,co2_emissions_2026,co2_emissions_2027,co2_emissions_2028,co2_emissions_2029,co2_emissions_2030,co2_emissions_2031,co2_emissions_2032,co2_emissions_2033,co2_emissions_2034,co2_emissions_2035,co2_emissions_2036,co2_emissions_2037,co2_emissions_2038,co2_emissions_2039,co2_emissions_2040,co2_emissions_2041,co2_emissions_2042,co2_emissions_2043,co2_emissions_2044,co2_emissions_2045,co2_emissions_2046,co2_emissions_2047,co2_emissions_2048,co2_emissions_2049,co2_emissions_2050,co2_emissions_2051,co2_emissions_2052,co2_emissions_2053,co2_emissions_2054,co2_emissions_2055,co2_emissions_2056,co2_emissions_2057,co2_emissions_2058,co2_emissions_2059,co2_emissions_2060,co2_emissions_2061,co2_emissions_2062,co2_emissions_2063,co2_emissions_2064,co2_emissions_2065,co2_emissions_2066,co2_emissions_2067,co2_emissions_2068,co2_emissions_2069,co2_emissions_2070,co2_emissions_2071,co2_emissions_2072,co2_emissions_2073,co2_emissions_2074,co2_emissions_2075,co2_emissions_2076,co2_emissions_2077,co2_emissions_2078,co2_emissions_2079,co2_emissions_2080,co2_emissions_2081,co2_emissions_2082,co2_emissions_2083,co2_emissions_2084,co2_emissions_2085,co2_emissions_2086,co2_emissions_2087,co2_emissions_2088,co2_emissions_2089,co2_emissions_2090,co2_emissions_2091,co2_emissions_2092,co2_emissions_2093,co2_emissions_2094,co2_emissions_2095,co2_emissions_2096,co2_emissions_2097,co2_emissions_2098,co2_emissions_2099,co2_emissions_2100,country_carbon_tax_2020,country_carbon_tax_2021,country_carbon_tax_2022,country_carbon_tax_2023,country_carbon_tax_2024,country_carbon_tax_2025,country_carbon_tax_2026,country_carbon_tax_2027,country_carbon_tax_2028,country_carbon_tax_2029,country_carbon_tax_2030,country_carbon_tax_2031,country_carbon_tax_2032,country_carbon_tax_2033,country_carbon_tax_2034,country_carbon_tax_2035,country_carbon_tax_2036,country_carbon_tax_2037,country_carbon_tax_2038,country_carbon_tax_2039,country_carbon_tax_2040,country_carbon_tax_2041,country_carbon_tax_2042,country_carbon_tax_2043,country_carbon_tax_2044,country_carbon_tax_2045,country_carbon_tax_2046,country_carbon_tax_2047,country_carbon_tax_2048,country_carbon_tax_2049,country_carbon_tax_2050,country_carbon_tax_2051,country_carbon_tax_2052,country_carbon_tax_2053,country_carbon_tax_2054,country_carbon_tax_2055,country_carbon_tax_2056,country_carbon_tax_2057,country_carbon_tax_2058,country_carbon_tax_2059,country_carbon_tax_2060,country_carbon_tax_2061,country_carbon_tax_2062,country_carbon_tax_2063,country_carbon_tax_2064,country_carbon_tax_2065,country_carbon_tax_2066,country_carbon_tax_2067,country_carbon_tax_2068,country_carbon_tax_2069,country_carbon_tax_2070,country_carbon_tax_2071,country_carbon_tax_2072,country_carbon_tax_2073,country_carbon_tax_2074,country_carbon_tax_2075,country_carbon_tax_2076,country_carbon_tax_2077,country_carbon_tax_2078,country_carbon_tax_2079,country_carbon_tax_2080,country_carbon_tax_2081,country_carbon_tax_2082,country_carbon_tax_2083,country_carbon_tax_2084,country_carbon_tax_2085,country_carbon_tax_2086,country_carbon_tax_2087,country_carbon_tax_2088,country_carbon_tax_2089,country_carbon_tax_2090,country_carbon_tax_2091,country_carbon_tax_2092,country_carbon_tax_2093,country_carbon_tax_2094,country_carbon_tax_2095,country_carbon_tax_2096,country_carbon_tax_2097,country_carbon_tax_2098,country_carbon_tax_2099,country_carbon_tax_2100,gross_output_2020,gross_output_2021,gross_output_2022,gross_output_2023,gross_output_2024,gross_output_2025,gross_output_2026,gross_output_2027,gross_output_2028,gross_output_2029,gross_output_2030,gross_output_2031,gross_output_2032,gross_output_2033,gross_output_2034,gross_output_2035,gross_output_2036,gross_output_2037,gross_output_2038,gross_output_2039,gross_output_2040,gross_output_2041,gross_output_2042,gross_output_2043,gross_output_2044,gross_output_2045,gross_output_2046,gross_output_2047,gross_output_2048,gross_output_2049,gross_output_2050,gross_output_2051,gross_output_2052,gross_output_2053,gross_output_2054,gross_output_2055,gross_output_2056,gross_output_2057,gross_output_2058,gross_output_2059,gross_output_2060,gross_output_2061,gross_output_2062,gross_output_2063,gross_output_2064,gross_output_2065,gross_output_2066,gross_output_2067,gross_output_2068,gross_output_2069,gross_output_2070,gross_output_2071,gross_output_2072,gross_output_2073,gross_output_2074,gross_output_2075,gross_output_2076,gross_output_2077,gross_output_2078,gross_output_2079,gross_output_2080,gross_output_2081,gross_output_2082,gross_output_2083,gross_output_2084,gross_output_2085,gross_output_2086,gross_output_2087,gross_output_2088,gross_output_2089,gross_output_2090,gross_output_2091,gross_output_2092,gross_output_2093,gross_output_2094,gross_output_2095,gross_output_2096,gross_output_2097,gross_output_2098,gross_output_2099,gross_output_2100
BRA,4.9884192756417916,5.021727658587829,5.0505418901548405,5.080877449244587,5.115992042386444,5.156186077967904,5.198622465621266,5.242962668570366,5.290769909233205,5.3420478050536815,5.397213780075362,5.4538392381952,5.51270342216648,5.577347552412955,5.644029461208496,5.714053201934792,5.785340383937066,5.859494901740139,5.938106799261762,6.021071090038614,6.108955377452901,6.198330907805742,6.29026952473727,6.385446985446988,6.483698387375554,6.58433631456941,6.684432560622623,6.7866532911182595,6.89296461720547,7.00491852746936,7.122972450563638,7.242557119817973,7.364528632247822,7.4900615072514,7.618553785058767,7.7491592433204755,7.878427948870979,8.009907866010757,8.145507865836453,8.284641897294868,8.428434502526915,8.573955469909656,8.72229084299678,8.873810595399322,9.028149973155129,9.185167224768154,9.340211554475855,9.495264678040577,9.653018770275944,9.815115068264312,9.982424034658102,10.150762551408153,10.321204453403178,10.494361553544596,10.670647745286859,10.850029500974651,11.027636060261754,11.20566600708155,11.384736910128785,11.564866293247492,11.747232578069934,11.927524519017963,12.109780221821705,12.295900275775365,12.485545757154277,12.67880051737703,12.869439089595392,13.060039825263916,13.251746777914645,13.443978131669912,13.635743373698006,13.820912594224554,14.005299272192767,14.19299051462029,14.386766929624605,14.58498952455817,14.778906958119386,14.973262122149778,15.168595982032675,15.364243835169948,15.55876030127103,0.4485508973015932,0.4466851416140666,0.4449388072221107,0.4433199120265588,0.441837948169354,0.44050367177821825,0.4384124300543323,0.436480714577077,0.4347153834917681,0.433122164499276,0.34911943775860127,0.3389913842868167,0.32902655599116526,0.31936053487504695,0.31010793600205194,0.30091101783175545,0.29212376620053054,0.28362290179645633,0.275380520665067,0.26709624542692556,0.25930426928507283,0.24918205357466697,0.23946471627183794,0.22986105085843075,0.22035091506732243,0.21103564187196552,0.2019696974924966,0.19306449386316865,0.184073385107837,0.17544148251208738,0.1666989238623282,0.16042358196581752,0.1541851595582583,0.14808526631426916,0.1419057207745397,0.13585269901012953,0.129949417342578,0.12416196077622349,0.11828650760814464,0.11232497132232823,0.10666240994820163,0.09928647572434052,0.09206564078023921,0.08480892786896452,0.07769605528366746,0.07054220679116548,0.06344676579179806,0.056321489200254864,0.04933551592693898,0.04231657489623393,0.03526573245995182,0.030427508153067877,0.025511474880651565,0.02067736649531628,0.01592204861237269,0.011242449142630683,0.006331734617592446,0.0016568678508872892,-0.003085524888005922,0.0,-7.76168242469707e-17,0.0,0.0,-7.612503049646565e-17,0.0,0.0,0.0,0.0,0.0,0.0,0.0,0.0,0.0,-1.6392669102036765e-7,0.0,0.0,0.0,0.0,0.0,-6.842523595017686e-17,-6.797579118407596e-17,0.0,0.0,0.0,0.0,0.0,0.0,0.0,0.0,0.0,0.0,42.9715648071103,49.77035880656099,56.890651013468975,64.17535052085134,71.46716356369797,79.0825868354012,86.07522776838395,93.07660433496186,100.08735295757519,107.42481199418724,114.45659088136418,124.0343186929989,133.46870866096017,143.0780410442656,152.86388976873056,162.66903584944478,171.98232568845702,181.30943084894486,190.96948107255068,200.32659983176302,210.0186373047603,217.94121159778885,226.0343868473,234.13918025634118,242.57552476740634,251.02473706885095,259.15170002755514,267.2901814574079,275.7607751680259,284.5644450314993,293.0610917411232,304.4149518776627,315.78083698440895,327.480039769173,339.19218834806253,351.2388847365725,363.28920701200605,375.6741935133373,388.07288967654694,400.8075213178434,413.8789333077194,422.71975690697894,431.8899505176941,441.0676445850846,450.25297827137854,459.44609519801236,469.28144423148416,478.80163603637584,488.65230983804184,481.42628600347996,480.9448597174765,480.463914857759,479.9834509429012,479.50346749195836,479.02396402446635,478.5449400604419,478.06639512038146,477.5883287252611,477.11074039653585,476.6336296561393,476.15699602648317,475.6808390304567,475.2051581914262,474.7303410413752,474.2552230802016,473.7809678571213,473.30718688926424,472.83387970237493,472.3610458226726,471.8886847768499,471.41679609207307,3.089203000000001e6,3.15213224276394e6,3.21672312127636e6,3.283094465790634e6,3.3513839270445253e6,3.421747984895083e6,3.487072381926331e6,3.5543900461501437e6,3.6238421112799635e6,3.69556820313529e6,3.769709029275567e6,3.839123495091626e6,3.910815949263585e6,3.984907166247783e6,4.061512787266857e6,4.140743776323767e6,4.215216327349385e6,4.292110459231304e6,4.371529327322742e6,4.453576622352921e6,4.538353310155723e6,4.618391418683349e6,4.700894634769615e6,4.785936417293057e6,4.873583883737266e6,4.963901128258613e6,5.049382913121578e6,5.137180733428381e6,5.227344015031499e6,5.3199286544712e6,5.415007420318151e6,5.504752021434933e6,5.596643206104401e6,5.69071813325423e6,5.787014546790097e6,5.885561893195028e6,5.978057160939088e6,6.0723339190478735e6,6.168423412274206e6,6.266363860312633e6,6.366186354661377e6,6.459301597583535e6,6.553858147746858e6,6.649890122569569e6,6.747421931542099e6,6.8464755660866685e6,6.938304415373143e6,7.031170956737454e6,7.125082609697402e6,7.220066913863765e6,7.316166605223666e6,7.4049257206664e6,7.494451016094308e6,7.584778249871196e6,7.675933296793109e6,7.767945740585516e6,7.852959622499832e6,7.938455345058409e6,8.024460206058899e6,8.110985876596061e6,8.198164727725277e6,8.279273470262373e6,8.360695015040603e6,8.442471878967589e6,8.524648398606153e6,8.607262365942525e6,8.684642799754668e6,8.76224782778788e6,8.840097847730784e6,8.918208744468248e6,8.996590053476062e6,9.070374105973225e6,9.144204691825839e6,9.218104532889776e6,9.292120940220926e6,9.366324937837463e6,9.436549328029878e6,9.506848997811314e6,9.577250834291913e6,9.647772045345364e6,9.718422428530697e6
CHN,4.46072924906113,4.7190772264402705,4.981869546597359,5.2517467740934745,5.5303482487955185,5.818227756251803,6.104947183828557,6.397632840338105,6.698140293187389,7.006630098737105,7.321628033413104,7.633099419111525,7.949461691616376,8.285643548359811,8.630107351567062,8.98389799747415,9.333978306425825,9.691643639117826,10.059001953383452,10.436334206821831,10.824497890362867,11.207659769810583,11.598412717559256,11.99851430052887,12.408217924994025,12.827456882286027,13.239597163868758,13.659229957956747,14.089008181236721,14.530568949511416,14.985052026634788,15.433717186417208,15.890758315445845,16.358224083556184,16.83598034785187,17.32377836352621,17.801615569860896,18.28797102536392,18.785488031238266,19.294117277763412,19.815204878346588,20.325155971070032,20.844178704829535,21.373841435353608,21.914232639089434,22.465596417814485,23.001180209231258,23.54374960129423,24.09681077175592,24.662079800418468,25.24064223524384,25.80419480576891,26.377006560543407,26.960069606120722,27.554003149993513,28.159062459297402,28.749043200759353,29.347404680723237,29.954510466077704,30.57062291513403,31.19672501672572,31.806576065376785,32.42592773477304,33.05593648374352,33.69647172593594,34.34775311311904,34.97969663438888,35.61924242080365,36.26654030587899,36.9211560974033,37.58233541691864,38.218242009981836,38.85998098151987,39.51010319593951,40.170880365849925,40.84094647915272,41.48849583443754,42.141077895911565,42.79861255731482,43.46041628619743,44.12516030099843,10.090158455349359,10.388624673284022,10.687339509317162,10.986176860827854,11.285095301491056,11.584119248581592,11.56044557280436,11.537369618819818,11.514849675116949,11.492836097698028,9.276793166740699,8.774436486091396,8.285082785879833,7.812293971018205,7.358741456318871,6.915884414132017,6.4276286583870075,5.958058571190112,5.50643514432641,5.066923693971275,4.649861499192687,4.124875160589105,3.630093296892363,3.160602945279833,2.7164071874603897,2.2988886753028286,2.0475589793514706,1.8098044675377702,1.583481096284164,1.3725941893455993,1.1732900866418057,1.0449785826752904,0.9226303245997791,0.8068964634877592,0.6966287197829464,0.5929935504688808,0.5086900684659691,0.4295701874009669,0.3549656854115318,0.2850999184687691,0.22098359608683504,0.18596447212107625,0.15394804175215226,0.1246107203364513,0.09825056223104625,0.07462986995223006,0.05397095879619419,0.03611100918354582,0.021190615417051188,0.009131224986700917,0.0,0.0,0.0,0.0,0.0,0.0,0.0,0.0,-0.0,0.0,-0.0,0.0,0.0,-0.0,0.0,0.0,0.0,0.0,0.0,0.0,0.0,0.0,0.0,-0.0,0.0,0.0,0.0,0.0,0.0,-0.0,-0.0,0.0,0.0,0.0,0.0,0.0,0.0,0.0,0.0,0.0,0.0,42.9715648071103,49.77035880656099,56.890651013468975,64.17535052085134,71.46716356369797,79.0825868354012,86.07522776838395,93.07660433496186,100.08735295757519,107.42481199418724,114.45659088136418,124.0343186929989,133.46870866096017,143.0780410442656,152.86388976873056,162.66903584944478,171.98232568845702,181.30943084894486,190.96948107255068,200.32659983176302,210.0186373047603,217.94121159778885,226.0343868473,234.13918025634118,242.57552476740634,251.02473706885095,259.15170002755514,267.2901814574079,275.7607751680259,284.5644450314993,293.0610917411232,304.4149518776627,315.78083698440895,327.480039769173,339.19218834806253,351.2388847365725,363.28920701200605,375.6741935133373,388.07288967654694,400.8075213178434,413.8789333077194,422.71975690697894,431.8899505176941,441.0676445850846,450.25297827137854,459.44609519801236,469.28144423148416,478.80163603637584,488.65230983804184,481.42628600347996,480.9448597174765,480.463914857759,479.9834509429012,479.50346749195836,479.02396402446635,478.5449400604419,478.06639512038146,477.5883287252611,477.11074039653585,476.6336296561393,476.15699602648317,475.6808390304567,475.2051581914262,474.7303410413752,474.2552230802016,473.7809678571213,473.30718688926424,472.83387970237493,472.3610458226726,471.8886847768499,471.41679609207307,2.0056858000000004e7,2.099758926276408e7,2.1953172925843537e7,2.292469694448375e7,2.3913382248187676e7,2.492057177387779e7,2.5864672716012202e7,2.682097992023699e7,2.7790614566070672e7,2.8774664014748394e7,2.9774214378443398e7,3.070323228894831e7,3.164174846796515e7,3.259074286768739e7,3.3551170649978776e7,3.4523974064351305e7,3.541870269515332e7,3.632043795333583e7,3.723017136440682e7,3.8148901111824825e7,3.907760322947147e7,3.992305083735773e7,4.077360059952527e7,4.163019879346826e7,4.249374969066967e7,4.336514837708782e7,4.414715105577794e7,4.493210822872662e7,4.5720879265294306e7,4.651434311203815e7,4.73134635196303e7,4.8022198921377674e7,4.8732615044055365e7,4.944550464550394e7,5.0161646264982164e7,5.088176132998684e7,5.15172023439575e7,5.21530694573441e7,5.279011456781347e7,5.342909908169944e7,5.407072950667175e7,5.4639559010578e7,5.520845640541049e7,5.577812780711405e7,5.63492148986801e7,5.692231881344519e7,5.7433012519460894e7,5.794376134009325e7,5.845509247214555e7,5.896758730627329e7,5.948187494384665e7,5.993734872233033e7,6.039281678561477e7,6.0848838021661244e7,6.130589689809528e7,6.1764470500440925e7,6.21665714827258e7,6.256859792524787e7,6.2970983079014555e7,6.3374094119723596e7,6.377827980705682e7,6.413463940980679e7,6.449087051498778e7,6.4847425391923815e7,6.5204743470562726e7,6.5563219219577625e7,6.588722852120548e7,6.621171348664003e7,6.6536968657331176e7,6.6863255104905166e7,6.719079432541202e7,6.749045061070286e7,6.77906117557317e7,6.80915249025072e7,6.839351957638223e7,6.869700440444018e7,6.896207568630393e7,6.922770139284343e7,6.949412075382455e7,6.976152422588171e7,7.003006314304453e7
COD,0.5312057884437134,0.554470945418897,0.5787472837154214,0.604653646664537,0.6327521758738218,0.6633478126447258,0.6934984885668931,0.7262094765993523,0.7618262508187735,0.8006885661877103,0.8432190545363476,0.8877282789748452,0.9371944350337735,0.9919257924683411,1.0518613442706992,1.1177358421053525,1.185591632407225,1.2597988550910741,1.3411241380480343,1.4301580904281808,1.526839564629348,1.623777757643966,1.7284712369516662,1.8415853918191365,1.9636593095951334,2.094119297527655,2.222608565128379,2.3594439588899374,2.5091318454006575,2.6777502880758255,2.8593220365182326,3.045262852458807,3.243086321714962,3.45375552063966,3.677831410151534,3.9157796831516776,4.15692834494379,4.411764713354624,4.681732392730489,4.9674847819368,5.270526196465321,5.5633213037875775,5.863941042678341,6.178906953157962,6.5087750835261975,6.86450187556881,7.2309503934641555,7.61870771495384,8.023899727698964,8.447221409675553,8.8846875423506,9.31493231456672,9.762989495676242,10.229498966096127,10.71571668455302,11.222596028835754,11.7285820485315,12.252639383354536,12.795152872224136,13.357217181785222,13.940317872897372,14.521728374618844,15.123360688691433,15.746997707251763,16.393397122781547,17.063719892712584,17.731273649566592,18.41847021582982,19.12613860924649,19.83877660529161,20.559604251499337,21.268263003445163,21.991970930939253,22.734488931408283,23.499887570700864,24.287328795151474,25.063160874317028,25.855276907473648,26.66364146537356,27.48809302744669,28.327427178662415,0.004121730645356241,0.00432314973859243,0.004536928458459433,0.004764671509991883,0.005008243054516366,0.005269802532618547,0.0055171153278553015,0.005783567347823197,0.006071657017434596,0.006384136130861675,0.00543769569244705,0.0055651395784935605,0.005700788045165301,0.005847628379602839,0.006008724764694424,0.006177937227585115,0.006338360772075792,0.0065103898766949355,0.006693791144656592,0.00688114562161346,0.007085950020097317,0.007200448117435651,0.007320117741555913,0.007435643834188704,0.007544885422017574,0.00764985814674098,0.007723125437563312,0.007786650528130188,0.007828825125943293,0.007866797600683534,0.007878640383173754,0.00796288391723696,0.008033879673501132,0.008096063084653276,0.008136587084371014,0.008165718788884016,0.008159660273842049,0.008139428189225239,0.00809090521604255,0.008012283406758386,0.007930161985754334,0.007668778658832522,0.0073829225580597044,0.0070568838171940545,0.006704584567843825,0.0063095354705589865,0.005864102674269036,0.00537585222923767,0.004860355959535289,0.004300548800977685,0.0036953521108011476,0.003277860567823942,0.0028238121588149167,0.0023504086006988544,0.0018577237270347134,0.0013457868329856998,0.0007754407335082829,0.00020748923110038283,-0.00039491586232413226,0.0,-1.036264990963924e-17,0.0,0.0,-1.0713723937525061e-17,0.0,0.0,0.0,0.0,0.0,0.0,0.0,0.0,0.0,-2.6084168520215086e-8,0.0,0.0,0.0,0.0,0.0,-1.1267702532598515e-17,-1.12353813973956e-17,0.0,0.0,0.0,0.0,0.0,0.0,0.0,0.0,0.0,0.0,42.9715648071103,49.77035880656099,56.890651013468975,64.17535052085134,71.46716356369797,79.0825868354012,86.07522776838395,93.07660433496186,100.08735295757519,107.42481199418724,114.45659088136418,124.0343186929989,133.46870866096017,143.0780410442656,152.86388976873056,162.66903584944478,171.98232568845702,181.30943084894486,190.96948107255068,200.32659983176302,210.0186373047603,217.94121159778885,226.0343868473,234.13918025634118,242.57552476740634,251.02473706885095,259.15170002755514,267.2901814574079,275.7607751680259,284.5644450314993,293.0610917411232,304.4149518776627,315.78083698440895,327.480039769173,339.19218834806253,351.2388847365725,363.28920701200605,375.6741935133373,388.07288967654694,400.8075213178434,413.8789333077194,422.71975690697894,431.8899505176941,441.0676445850846,450.25297827137854,459.44609519801236,469.28144423148416,478.80163603637584,488.65230983804184,481.42628600347996,480.9448597174765,480.463914857759,479.9834509429012,479.50346749195836,479.02396402446635,478.5449400604419,478.06639512038146,477.5883287252611,477.11074039653585,476.6336296561393,476.15699602648317,475.6808390304567,475.2051581914262,474.7303410413752,474.2552230802016,473.7809678571213,473.30718688926424,472.83387970237493,472.3610458226726,471.8886847768499,471.41679609207307,89078.09375000001,96689.6134149489,105012.71789398654,114136.7596567521,124166.02063708997,135222.4135428836,146526.29391997674,158986.6457991706,172760.96191238222,188029.60824490228,204998.65537712473,222607.94998048377,242148.1890131123,263867.0649380452,288040.86030616745,314976.97581577656,343078.1043487971,374229.04308423214,408771.7391027108,447082.6742446599,489575.72072404664,533806.2299206093,582497.3345135271,636082.612826547,695033.7904430266,759864.9309503675,826849.8489453243,899891.374361898,979509.9977479061,1.06627355976236e6,1.1608051885368112e6,1.257755144337911e6,1.362544197368956e6,1.4757849944123013e6,1.5981383221553385e6,1.7303127614881834e6,1.86479508858762e6,2.0089389297510383e6,2.1634354115676056e6,2.329030591001336e6,2.506518973023701e6,2.6856763232777e6,2.876341266767112e6,3.0792770598932407e6,3.29528928436074e6,3.5252316173458854e6,3.7555776730701155e6,3.999086815693632e6,4.256538160808022e6,4.528773867921291e6,4.8167036969144195e6,5.102877776028088e6,5.403646517834939e6,5.719840827915569e6,6.0523198273511715e6,6.401992119793211e6,6.746950395034873e6,7.107487372084082e6,7.484407346579014e6,7.878532384071116e6,8.2907437030825615e6,8.693967395999556e6,9.113130183056807e6,9.549032481552267e6,1.0002510607322404e7,1.0474423577800838e7,1.0933308554609496e7,1.140814376129896e7,1.1899647142889466e7,1.2408549362541534e7,1.293559016573208e7,1.3445078017315254e7,1.3969760739515183e7,1.4510294540392768e7,1.5067410706094472e7,1.5641921455466375e7,1.6194258366158072e7,1.6760975863713544e7,1.734269595860031e7,1.7940025958728608e7,1.8553563635784313e7
DEU,31.511249412005416,31.935470903736846,32.33789465375621,32.72276762026745,33.09273219310966,33.448761467201045,33.80366508822017,34.14569964444891,34.4755274148938,34.793802088307764,35.0968447603495,35.4067872356051,35.70758646726184,36.001937351412195,36.28720677559434,36.56474648195753,36.851402459929695,37.13308023433973,37.410111920629646,37.68299098204927,37.95269931184359,38.23609089192026,38.51767547396466,38.79693250911276,39.07426586468261,39.34983664863111,39.643249946421506,39.937508821015335,40.23295944226529,40.530893744726995,40.83199575354578,41.1507069213741,41.47252785247454,41.79771331476842,42.12632467425044,42.458278919100884,42.807082421848946,43.16098719476911,43.52113786797163,43.88753929822355,44.26106023934879,44.65190741361562,45.050150908538335,45.45667325451202,45.87152112097859,46.29486478946941,46.7367625579493,47.18712733725756,47.64786216750415,48.119924495877406,48.603915419702574,49.11511528758391,49.63788078558592,50.17309888608162,50.721090275920716,51.281998500164796,51.87471054948605,52.479929310226645,53.09880205073731,53.73148826669089,54.37852529184838,55.05814614679532,55.75280816106073,56.46451192445662,57.19319605994056,57.93898768619075,58.71857133327981,59.514353975101066,60.32836112104981,61.16041496549237,62.010200782378384,62.89686787708117,63.801785146420634,64.7284747700129,65.67824397062293,66.65052556028995,67.66926717924271,68.70975282126027,69.77386119432894,70.86140794324037,71.97187574506432,0.8024149847787366,0.839085491734164,0.8359493862072258,0.7378434386921718,0.6907774118156021,0.6437810470581161,0.5968493113387067,0.5499773494168668,0.5031604627218619,0.45639412195857726,0.3313022292726803,0.29798498595765327,0.26590909018022457,0.23518862401065302,0.2058830167458522,0.17773656335986174,0.1512320628456559,0.1259104204969422,0.10173920740715457,0.07861125509005287,0.05668995874856054,0.04922844459730261,0.04220857509000071,0.03557110559164445,0.02931692836772728,0.023461291062670538,0.01803240448296679,0.01297444804717966,0.008274121670329773,0.003955012447487628,0.0,0.0,0.0,0.0,0.0,0.0,0.0,0.0,0.0,0.0,0.0,0.0,0.0,0.0,0.0,0.0,0.0,0.0,0.0,0.0,0.0,0.0,0.0,0.0,0.0,0.0,0.0,0.0,-0.0,0.0,-0.0,0.0,0.0,-0.0,0.0,0.0,0.0,0.0,0.0,0.0,0.0,0.0,0.0,-0.0,0.0,0.0,0.0,0.0,0.0,-0.0,-0.0,0.0,0.0,0.0,0.0,0.0,0.0,0.0,0.0,0.0,0.0,42.9715648071103,49.77035880656099,56.890651013468975,64.17535052085134,71.46716356369797,79.0825868354012,86.07522776838395,93.07660433496186,100.08735295757519,107.42481199418724,114.45659088136418,124.0343186929989,133.46870866096017,143.0780410442656,152.86388976873056,162.66903584944478,171.98232568845702,181.30943084894486,190.96948107255068,200.32659983176302,210.0186373047603,217.94121159778885,226.0343868473,234.13918025634118,242.57552476740634,251.02473706885095,259.15170002755514,267.2901814574079,275.7607751680259,284.5644450314993,293.0610917411232,304.4149518776627,315.78083698440895,327.480039769173,339.19218834806253,351.2388847365725,363.28920701200605,375.6741935133373,388.07288967654694,400.8075213178434,413.8789333077194,422.71975690697894,431.8899505176941,441.0676445850846,450.25297827137854,459.44609519801236,469.28144423148416,478.80163603637584,488.65230983804184,481.42628600347996,480.9448597174765,480.463914857759,479.9834509429012,479.50346749195836,479.02396402446635,478.5449400604419,478.06639512038146,477.5883287252611,477.11074039653585,476.6336296561393,476.15699602648317,475.6808390304567,475.2051581914262,474.7303410413752,474.2552230802016,473.7809678571213,473.30718688926424,472.83387970237493,472.3610458226726,471.8886847768499,471.41679609207307,4.308663500000002e6,4.367919332129782e6,4.424770417473193e6,4.479306108785204e6,4.531620894366063e6,4.581813453389947e6,4.630419193780169e6,4.677116427447531e6,4.72200202415741e6,4.765171745440949e6,4.806720844811232e6,4.847251800844275e6,4.886366324971227e6,4.924157912958356e6,4.960718454717158e6,4.996138299377332e6,5.030626412035126e6,5.0641591520917835e6,5.09682596330673e6,5.128714924842927e6,5.159912059007718e6,5.190217091565075e6,5.219980580089114e6,5.24928117423667e6,5.278194669144156e6,5.306794463608562e6,5.33504865164236e6,5.363124925676532e6,5.391090491945424e6,5.419011255201276e6,5.446952765256466e6,5.476109709368095e6,5.505435916519728e6,5.534985407039086e6,5.564809810969513e6,5.594957542647026e6,5.627963853989985e6,5.661464260594244e6,5.695501242689856e6,5.730116116758511e6,5.765347189434423e6,5.805214892313342e6,5.845917939233817e6,5.887489498535303e6,5.929959959916289e6,5.9733574378102515e6,6.022044776099875e6,6.071883322142837e6,6.122895614849002e6,6.175104949805245e6,6.22853539542029e6,6.286716188035098e6,6.346318972664274e6,6.407364300497629e6,6.469870382664662e6,6.533855073672899e6,6.602442946415812e6,6.672690668777488e6,6.744613772510906e6,6.818225992811343e6,6.893540745427757e6,6.974897971860253e6,7.058210334923796e6,7.143495419453882e6,7.2307712153000645e6,7.320055082512199e6,7.416914476294208e6,7.516123189334022e6,7.6176986300379615e6,7.72165814344354e6,7.8280187855549725e6,7.942800022764587e6,8.060371476333331e6,8.180756255511196e6,8.30398218515918e6,8.430081948458e6,8.564752086568285e6,8.702712167380996e6,8.843995112399748e6,8.98863395807267e6,9.13666216887973e6
FRA,31.111922518421153,31.493658009951318,31.863275248819978,32.22822435402828,32.59215970295461,32.95589626223035,33.311085999677736,33.6632728877955,34.01491177173352,34.3665046972711,34.71490752300997,35.05884772061374,35.40179534768286,35.7482019540026,36.09610450039377,36.44732530894918,36.796334604515295,37.14810999775437,37.505757900062584,37.86972503931388,38.241187837689125,38.6132230463891,38.98959504230383,39.372764659949446,39.763101661398174,40.160498132261935,40.55888804912479,40.96281533205028,41.37641203147006,41.80157718265158,42.23909150400499,42.67740078839553,43.12286167650187,43.57893291138056,44.04547417895263,44.52210964073394,44.99701010182206,45.48019740711455,45.97583435960507,46.48372518919258,47.00514221428828,47.52518433940267,48.05516190349432,48.597833794449365,49.153140835543624,49.721214668787404,50.282611633595735,50.8522456922752,51.434966517548155,52.032312223078925,52.64518954777222,53.254778884271474,53.87486024730323,54.50850910344632,55.156205416910026,55.81808848831371,56.475998587024705,57.1434689328978,57.823388292915254,58.5159465070126,59.22200593821482,59.92659638865025,60.642143332894115,61.372202340668146,62.11663827347386,62.87562804116934,63.63233818864139,64.3996075506462,65.17924412134319,65.97091251410629,66.77400543984558,67.57153984698175,68.37903324666212,69.20038521229284,70.03777806021367,70.89016069875524,71.74018163894505,72.60072295439589,73.47321888251162,74.357317055456,75.25210441231633,0.40903837610676014,0.4466008453132051,0.42940241083877495,0.398892702472396,0.37573727399244045,0.3526185206087877,0.329534683480684,0.3064839368038278,0.283464375189314,0.2604740443666669,0.19207448196843513,0.17274450672507635,0.15413734759322087,0.13631897230417864,0.119323606117156,0.10300280889330865,0.08763614838754932,0.07295732910571609,0.058947349710218984,0.045543906695943534,0.032841449765138496,0.028517012188483386,0.024449028898877154,0.020603101003977078,0.016979669907592913,0.013587495273488837,0.010442846417390848,0.007513334815582113,0.004791209223523548,0.0022900831106146846,0.0,0.0,0.0,0.0,0.0,0.0,0.0,0.0,0.0,0.0,0.0,0.0,0.0,0.0,0.0,0.0,0.0,0.0,0.0,0.0,0.0,0.0,0.0,0.0,0.0,0.0,0.0,0.0,-0.0,0.0,-0.0,0.0,0.0,-0.0,0.0,0.0,0.0,0.0,0.0,0.0,0.0,0.0,0.0,-0.0,0.0,0.0,0.0,0.0,0.0,-0.0,-0.0,0.0,0.0,0.0,0.0,0.0,0.0,0.0,0.0,0.0,0.0,42.9715648071103,49.77035880656099,56.890651013468975,64.17535052085134,71.46716356369797,79.0825868354012,86.07522776838395,93.07660433496186,100.08735295757519,107.42481199418724,114.45659088136418,124.0343186929989,133.46870866096017,143.0780410442656,152.86388976873056,162.66903584944478,171.98232568845702,181.30943084894486,190.96948107255068,200.32659983176302,210.0186373047603,217.94121159778885,226.0343868473,234.13918025634118,242.57552476740634,251.02473706885095,259.15170002755514,267.2901814574079,275.7607751680259,284.5644450314993,293.0610917411232,304.4149518776627,315.78083698440895,327.480039769173,339.19218834806253,351.2388847365725,363.28920701200605,375.6741935133373,388.07288967654694,400.8075213178434,413.8789333077194,422.71975690697894,431.8899505176941,441.0676445850846,450.25297827137854,459.44609519801236,469.28144423148416,478.80163603637584,488.65230983804184,481.42628600347996,480.9448597174765,480.463914857759,479.9834509429012,479.50346749195836,479.02396402446635,478.5449400604419,478.06639512038146,477.5883287252611,477.11074039653585,476.6336296561393,476.15699602648317,475.6808390304567,475.2051581914262,474.7303410413752,474.2552230802016,473.7809678571213,473.30718688926424,472.83387970237493,472.3610458226726,471.8886847768499,471.41679609207307,3.0186384999999995e6,3.0682843399115414e6,3.117638009437838e6,3.1667427191241356e6,3.215648604620809e6,3.2644122001881357e6,3.3108386232442693e6,3.3571483857584815e6,3.4034030471780733e6,3.449665187516345e6,3.495998919204003e6,3.5402678107649283e6,3.5846505896618194e6,3.629214127909315e6,3.6740251887100143e6,3.7191504256209773e6,3.761759255396577e6,3.804705178624344e6,3.8480566963178716e6,3.8918825019947346e6,3.936250748551873e6,3.9778766441758075e6,4.0200409206092795e6,4.062805282150113e6,4.1062296415547114e6,4.1503725871411394e6,4.19213567446404e6,4.234599937756347e6,4.277818242105482e6,4.32184363487518e6,4.366730633033592e6,4.409879779373012e6,4.453876467802986e6,4.4987640380317345e6,4.544584358630676e6,4.591376594796385e6,4.637025457500701e6,4.6836226353493985e6,4.731202907762895e6,4.77980122359301e6,4.829449904184379e6,4.878709363084932e6,4.929017901372573e6,4.9804041224053595e6,5.032894054536787e6,5.086511861106735e6,5.140395118670756e6,5.195406573390781e6,5.251564531476478e6,5.308889824965805e6,5.367405782747656e6,5.426082966812582e6,5.485945819371367e6,5.547013812741018e6,5.609303729558835e6,5.672832674110108e6,5.736174598895146e6,5.800713955250753e6,5.866464685404572e6,5.933438429633168e6,6.001646746364467e6,6.069009245676761e6,6.13752694961685e6,6.207216364712392e6,6.278094481386686e6,6.350177117012264e6,6.421481346084021e6,6.4939160322583765e6,6.567492930262003e6,6.64222298423545e6,6.7181159379644e6,6.793163414350912e6,6.86928475333352e6,6.94649219829783e6,7.024803433147057e6,7.104241565878055e6,7.182323962709861e6,7.261435220626173e6,7.341589933912473e6,7.422800726662262e6,7.505078707341604e6
IND,3.271205006259469,3.366202881190855,3.461840424705924,3.561263743320475,3.666858743326619,3.7792270771932723,3.890172533160474,4.00652945875721,4.128996243167439,4.257919786173279,4.393460600174249,4.528273540724916,4.6693901634166535,4.818677786145712,4.972604540375573,5.132356192162071,5.289485564371201,5.451475787876469,5.619906706519402,5.794866093211093,5.977096189565484,6.156097121349067,6.339023027832595,6.527044144120419,6.720078452264897,6.917482272413583,7.108273894364699,7.301806222120106,7.5006325184041165,7.706597014390549,7.920395370672536,8.128614606124412,8.339358871480881,8.554288597798061,8.772701121181145,8.993581954934118,9.20387563000308,9.4151341296299,9.630187461975598,9.84833244411209,10.070999088922207,10.285296002807726,10.49981161841848,10.71597263603672,10.933259746997487,11.151380888907335,11.354983918474263,11.55326415884943,11.751083933684434,11.950554869980243,12.152803847472258,12.343512395041339,12.530688109791242,12.716163541844095,12.900379129899301,13.083115887565759,13.248564037084666,13.406118077216842,13.557964138097516,13.703974312620861,13.845396461663926,13.968040362484082,14.082736045511574,14.1941753890706,14.30165904374504,14.405102317859093,14.488290697017298,14.559006727551777,14.620783051479576,14.672489613792383,14.712363913583108,14.725975053470275,14.724302172825706,14.715463841091843,14.703455871579342,14.685617250503382,14.644991242256648,14.589538732644915,14.522278652628716,14.441997941006104,14.346317780512749,2.369364539891809,2.4415972808354183,2.516680443603106,2.5947576823028307,2.676006928267321,2.7606400964253774,2.839240559671867,2.920850705596382,3.005646389398677,3.093801887878305,2.6182075671018743,2.6277577785711137,2.636208565420941,2.644562008598106,2.6537820950567577,2.661170512390165,2.665007173152839,2.6687830320320525,2.6723712872014596,2.6731915640940724,2.676036480617771,2.650225986001709,2.6246185369518393,2.596546903158972,2.565814067470199,2.5334696428827406,2.4962323661000916,2.4570599837046596,2.4132782898601715,2.3698498262989625,2.3215393759004663,2.2955909738627747,2.267514393567002,2.23857910492155,2.206117713295484,2.1727056260173834,2.135884117973985,2.0980597849503266,2.0565443270260024,2.0112993675659783,1.9676819099203033,1.894310644939474,1.8198840705378505,1.7416897932486357,1.6624018603782627,1.5792958338886833,1.491821824858607,1.400740169047113,1.3087356563432964,1.2131270054778376,1.1139193114809007,1.0464432559235948,0.975595696061046,0.9040617316771897,0.8318504565214931,0.758968215475583,0.678896377719448,0.6010581917216823,0.5201347045503575,0.44594041444501364,0.44822409018125553,0.4498169591968797,0.45137962441802704,0.4529176176387301,0.45443634885701556,0.45594044786750465,0.4568309142665644,0.4576920312137959,0.45852736021062285,0.45933991369509714,0.46013204331239654,0.46035330285505255,0.4605385699192009,0.4606917322855945,0.46081828439787353,0.4609251915818078,0.46052719105198203,0.46010282563369015,0.45965596939965075,0.45918959306384416,0.45870597190180823,0.0,0.0,0.0,0.0,0.0,0.0,0.0,0.0,0.0,0.0,38.3203125,44.3671875,50.6953125,57.1640625,63.6328125,70.3828125,76.5703125,82.7578125,88.9453125,95.4140625,101.6015625,110.0390625,118.3359375,126.7734375,135.3515625,143.9296875,152.0859375,160.2421875,168.6796875,176.8359375,185.2734375,192.1640625,199.1953125,206.2265625,213.5390625,220.8515625,227.8828125,234.9140625,242.2265625,249.8203125,257.1328125,266.9765625,276.8203125,286.9453125,297.0703125,307.4765625,317.8828125,328.5703125,339.2578125,350.2265625,361.4765625,369.0703125,376.9453125,384.8203125,392.6953125,400.5703125,409.0078125,417.1640625,425.6015625,433.283657403132,432.85037374572886,432.4175233719831,431.98510584861106,431.55312074276253,431.1215676220197,430.6904460543977,430.2597556083433,429.82949585273496,429.3996663568823,428.97026669052536,428.54129642383486,428.11275512741105,427.68464237228363,427.25695772991133,426.8297007721814,426.4028710714092,425.9764682003378,425.55049173213746,425.12494124040535,424.6998162991649,424.27511648286577,8.946950000000007e6,9.370312238245599e6,9.815863918352917e6,1.0284926829468334e7,1.0779015590970373e7,1.129984917846795e7,1.1809174968124358e7,1.2344251485853873e7,1.2906688998004513e7,1.3498159128320992e7,1.4120420262733987e7,1.4725978202038988e7,1.5360332903198361e7,1.602507480820644e7,1.6721830497875044e7,1.7452269274537854e7,1.8157929610658012e7,1.889415793687311e7,1.9662528833797902e7,2.0464699233465083e7,2.1302382200060118e7,2.210913899848729e7,2.2947507875923973e7,2.381892093001368e7,2.4724817518400706e7,2.566667561512739e7,2.657275945619895e7,2.751009400763582e7,2.8479962659469552e7,2.94837585902675e7,3.0523097694075573e7,3.152030989949201e7,3.254846642378039e7,3.360877663969649e7,3.470249634499152e7,3.583083235432384e7,3.690715232617205e7,3.801203394793598e7,3.914659706250475e7,4.031205408996687e7,4.1509569780394614e7,4.264393912406714e7,4.38041618332327e7,4.4991322221905544e7,4.620640890185683e7,4.745040557681515e7,4.861962222506879e7,4.981064168798312e7,5.102413940650678e7,5.2261027941125505e7,5.352239215373119e7,5.470184194855861e7,5.590001266696183e7,5.711781157983355e7,5.835604486018142e7,5.961556613069485e7,6.0792112565865204e7,6.1983655885030754e7,6.319093576445895e7,6.441447873178635e7,6.565495700449109e7,6.6812446174031384e7,6.798236612911704e7,6.916555653482395e7,7.036288185027185e7,7.157512790148742e7,7.270704788407375e7,7.384905673044963e7,7.500168029540737e7,7.61653814389773e7,7.734053582445684e7,7.843335388118577e7,7.953236908849946e7,8.063809927767022e7,8.17513785561551e7,8.287335302605227e7,8.391553991656183e7,8.496268587708218e7,8.601536205025868e7,8.70740022306287e7,8.813893237921475e7
MEX,7.489372085919736,7.643690379277684,7.801681476945905,7.968664930887817,8.147816097599787,8.339207452437869,8.53897991165495,8.745720439500795,8.96172619378826,9.18670170673018,9.420333260937623,9.659027179780638,9.903298328427667,10.162502681703657,10.434342680073453,10.72075243396947,11.018563078809558,11.330311774139524,11.659236646938826,12.005775387362808,12.371201822331788,12.750050459135368,13.145003073320689,13.558267624687332,13.990250968321439,14.440712251419667,14.904376837592734,15.386224456316265,15.890047808960027,16.41850942522258,16.972646310547233,17.544764822573516,18.13809650444745,18.755452556669653,19.396620226706954,20.061115306075227,20.740687162222436,21.443630165093882,22.173400478502828,22.929732501677176,23.71473680444038,24.517972811844196,25.346790870288142,26.202164394322487,27.08394455604243,27.980333908353074,28.867272917308565,29.754953631709494,30.64629222033147,31.54397389330238,32.44981788708277,33.35455624644594,34.2658542535949,35.183273833451445,36.108040996316454,37.04069004889299,37.96625946365928,38.89820166354477,39.835156517590086,40.79547322890193,41.758413910017254,42.71702085767391,43.68593178212351,44.66635895679389,45.65838840326328,46.66269870715275,47.66245918574667,48.670748275404534,49.68751129633155,50.712341312280245,51.74412855346264,52.76480707591896,53.79327789525539,54.833881641361515,55.89133045092644,56.96376272217669,58.02711678384159,59.10078552562609,60.183958453984424,61.27599181263478,62.37499371228988,0.520134044302062,0.5224193413067107,0.524766285663331,0.5271887494223045,0.5297023495297685,0.5323242632831978,0.5340195230323477,0.5358312781418625,0.5377737696823646,0.5398603377143357,0.43839775126303354,0.4288489421203145,0.41929530910767626,0.4099189370254185,0.40087978193039586,0.39172696563516574,0.3829177048856203,0.3743152820302105,0.3658930070166483,0.35725851792287855,0.3491322959128956,0.3376829790662338,0.3266040353981142,0.31550837891896727,0.3043729645314117,0.29334265287611344,0.2824692519832428,0.27166827893197887,0.2605955353766401,0.24988328759556327,0.23886773966978603,0.23123794575650097,0.22355898279073247,0.21598018715897038,0.2081851000250624,0.20047587734293504,0.19288399383738192,0.18536900342491225,0.17762742497582107,0.16965925300449752,0.1620465775888027,0.15172587814292857,0.14151736257418931,0.13112884324838708,0.12083771692115972,0.11035762437236077,0.0998458084120362,0.08915908974159442,0.07856458839263386,0.0677888197114002,0.05683102767590139,0.049326691951269694,0.0416043590087314,0.033922728196408215,0.026277951739646102,0.018666173939456646,0.010575065968423353,0.002783668425336608,-0.005214725519798372,0.0,-1.327450648243513e-16,0.0,0.0,-1.3244400206688202e-16,0.0,0.0,0.0,0.0,0.0,0.0,0.0,0.0,0.0,-3.008713317572653e-7,0.0,0.0,0.0,0.0,0.0,-1.2922976978511624e-16,-1.2897413115340235e-16,0.0,0.0,0.0,0.0,0.0,0.0,0.0,0.0,0.0,0.0,42.9715648071103,49.77035880656099,56.890651013468975,64.17535052085134,71.46716356369797,79.0825868354012,86.07522776838395,93.07660433496186,100.08735295757519,107.42481199418724,114.45659088136418,124.0343186929989,133.46870866096017,143.0780410442656,152.86388976873056,162.66903584944478,171.98232568845702,181.30943084894486,190.96948107255068,200.32659983176302,210.0186373047603,217.94121159778885,226.0343868473,234.13918025634118,242.57552476740634,251.02473706885095,259.15170002755514,267.2901814574079,275.7607751680259,284.5644450314993,293.0610917411232,304.4149518776627,315.78083698440895,327.480039769173,339.19218834806253,351.2388847365725,363.28920701200605,375.6741935133373,388.07288967654694,400.8075213178434,413.8789333077194,422.71975690697894,431.8899505176941,441.0676445850846,450.25297827137854,459.44609519801236,469.28144423148416,478.80163603637584,488.65230983804184,481.42628600347996,480.9448597174765,480.463914857759,479.9834509429012,479.50346749195836,479.02396402446635,478.5449400604419,478.06639512038146,477.5883287252611,477.11074039653585,476.6336296561393,476.15699602648317,475.6808390304567,475.2051581914262,474.7303410413752,474.2552230802016,473.7809678571213,473.30718688926424,472.83387970237493,472.3610458226726,471.8886847768499,471.41679609207307,2.4632292500000023e6,2.5349944010704756e6,2.6087601646051393e6,2.6846465020257337e6,2.7627901736567756e6,2.8433451637946717e6,2.9207209925457556e6,3.000425997926537e6,3.0826108884895993e6,3.1674303177518942e6,3.255044666648701e6,3.339662649835755e6,3.4269775874581304e6,3.5171409867405063e6,3.610305328019102e6,3.706624319811529e6,3.799384600898685e6,3.8951302681345213e6,3.9940097727964115e6,4.0961756543139564e6,4.201781785821525e6,4.3036602787489025e6,4.408748918381682e6,4.517178665531161e6,4.629077968279944e6,4.7445755069365855e6,4.855993595629634e6,4.97068451873013e6,5.088759058446691e6,5.210334011848674e6,5.335542630088116e6,5.45611464747564e6,5.579971818872977e6,5.707211563480738e6,5.837933558194403e6,5.97223127148128e6,6.101501902673454e6,6.233888534226427e6,6.36947770334703e6,6.508361649301482e6,6.650627946571804e6,6.787501864908861e6,6.927300343056124e6,7.070106582281982e6,7.215995342876012e6,7.365041498511293e6,7.508073813921444e6,7.653744993399333e6,7.802107029635489e6,7.953231438531072e6,8.107202523186333e6,8.2545070768311415e6,8.404229975985045e6,8.556443159885852e6,8.711212171261014e6,8.868606680317359e6,9.018796343083518e6,9.171079806307891e6,9.3255200946076e6,9.482162463696262e6,9.641264320560563e6,9.792386438686984e6,9.945335739798205e6,1.0100183702377671e7,1.025700431328249e7,1.0415865971188685e7,1.0566430820825856e7,1.0718526165413514e7,1.0872202041238034e7,1.1027503884427838e7,1.118447060660057e7,1.1333145668538956e7,1.148295859959827e7,1.1633960876518978e7,1.1786228833152775e7,1.1939863417410357e7,1.208570671730047e7,1.2232530467536313e7,1.2380392104685022e7,1.2529338278625792e7,1.2679407117047915e7
NGA,2.5459323080877545,2.5789332750220817,2.6109961984175327,2.6451296465508802,2.6836698499067424,2.7271201414685757,2.7690449632019902,2.8153699168715454,2.866520979351508,2.922902978030727,2.9851666067394063,3.0513899171722954,3.1260570071814264,3.2094586786565267,3.3003990660714004,3.4003449882266654,3.503338493550776,3.616188542048719,3.7400595381041013,3.875445664732513,4.02165682657888,4.167118131680511,4.323312658660242,4.49080197705383,4.669848272669445,4.858437467150222,5.042281708306981,5.236298231012407,5.447427233515522,5.684662351174343,5.938080122390106,6.197723316074437,6.470618932390952,6.757689014215527,7.058785818027806,7.373456235022255,7.691308143326313,8.023033988910703,8.370552624677899,8.73380556922049,9.114730317573878,9.482201166214315,9.85501643298795,10.241352306833152,10.641211480276054,11.066807912950518,11.504433799970311,11.961053282369424,12.432734940960811,12.920768720343373,13.420342852007346,13.913518384901783,14.422772779339292,14.947971323529101,15.490374975357323,16.050549876792186,16.61179806647696,17.18780287404012,17.778094439473378,18.383818981337413,19.006482732766845,19.6308533675646,20.273024677876613,20.93511881208743,21.617348667235337,22.320653345987154,23.026143317575134,23.747380188807227,24.484826583843905,25.221315581351945,25.9593158357029,26.68858011245105,27.42853829094231,28.18514328014533,28.964651096623612,29.764676894887838,30.560223170463452,31.369268343517053,32.19109256935643,33.024740758268656,33.86751677499273,0.12777327905005598,0.12954144954803537,0.13137293479235004,0.1332851676533762,0.13529745657256637,0.13743121935635874,0.13926239081833486,0.1412452516814147,0.14340331371716042,0.14576095181207563,0.1199647818645929,0.11890589743829265,0.11792744214353318,0.11708238781054184,0.11641873061661012,0.1158055644995885,0.11522922953973565,0.1147892337064766,0.11447293818184405,0.11414931506680229,0.1140388261646615,0.1127071960725745,0.11147616803029026,0.11020233213159386,0.10886009326122152,0.1074844794808036,0.10592926087910766,0.10429781318017581,0.10244262174464776,0.10059730568516333,0.09848638094894864,0.09752031998757199,0.09642825858583348,0.09526740215499636,0.09389134273973376,0.09242666963224296,0.09076427725832431,0.0890013601408663,0.08698893489023281,0.08471846374903438,0.0824778397083045,0.07858805611182294,0.07456368768594625,0.07025250033172804,0.06580217849328768,0.06105839037496759,0.056037876777276306,0.05073796714847748,0.04531293228138648,0.03960957534302268,0.03362799253707857,0.029511679791039594,0.025157068552201057,0.020722516460685597,0.016210702481338102,0.011624087785798156,0.006637718265155565,0.0017603791233802158,-0.003321248344896392,0.0,-8.565515781660769e-17,0.0,0.0,-8.660836632650638e-17,0.0,0.0,0.0,0.0,0.0,0.0,0.0,0.0,0.0,-1.98670319597257e-7,0.0,0.0,0.0,0.0,0.0,-8.367494326699607e-17,-8.312018994649934e-17,0.0,0.0,0.0,0.0,0.0,0.0,0.0,0.0,0.0,0.0,42.9715648071103,49.77035880656099,56.890651013468975,64.17535052085134,71.46716356369797,79.0825868354012,86.07522776838395,93.07660433496186,100.08735295757519,107.42481199418724,114.45659088136418,124.0343186929989,133.46870866096017,143.0780410442656,152.86388976873056,162.66903584944478,171.98232568845702,181.30943084894486,190.96948107255068,200.32659983176302,210.0186373047603,217.94121159778885,226.0343868473,234.13918025634118,242.57552476740634,251.02473706885095,259.15170002755514,267.2901814574079,275.7607751680259,284.5644450314993,293.0610917411232,304.4149518776627,315.78083698440895,327.480039769173,339.19218834806253,351.2388847365725,363.28920701200605,375.6741935133373,388.07288967654694,400.8075213178434,413.8789333077194,422.71975690697894,431.8899505176941,441.0676445850846,450.25297827137854,459.44609519801236,469.28144423148416,478.80163603637584,488.65230983804184,481.42628600347996,480.9448597174765,480.463914857759,479.9834509429012,479.50346749195836,479.02396402446635,478.5449400604419,478.06639512038146,477.5883287252611,477.11074039653585,476.6336296561393,476.15699602648317,475.6808390304567,475.2051581914262,474.7303410413752,474.2552230802016,473.7809678571213,473.30718688926424,472.83387970237493,472.3610458226726,471.8886847768499,471.41679609207307,983644.6250000006,1.0320367764140493e6,1.083160328267296e6,1.137316323226583e6,1.1948513354817156e6,1.256164791817336e6,1.3174805882311962e6,1.3830745251560132e6,1.4534645550681092e6,1.529227760333695e6,1.6110045126144204e6,1.694239799274052e6,1.7843008623283205e6,1.8819317429697325e6,1.9879319937095582e6,2.103156647597612e6,2.221700845117215e6,2.350382387549535e6,2.4901093017555e6,2.6418446551446193e6,2.8066056878536707e6,2.9763406347733703e6,3.159837747082813e6,3.3580921243196703e6,3.572143095552092e6,3.803081677316606e6,4.0397675867581544e6,4.293599024193527e6,4.565620829988159e6,4.856952857477617e6,5.168816533622649e6,5.486908410050794e6,5.825543842263003e6,6.185864530162118e6,6.569079445112382e6,6.976448157602284e6,7.3889183694924675e6,7.824856071734676e6,8.285480687398817e6,8.772105328051722e6,9.286094319760894e6,9.803719783931736e6,1.0347760142615346e7,1.0919542938238382e7,1.1520433475462863e7,1.2151852716758044e7,1.278391075626619e7,1.3444772204359444e7,1.4135705769030131e7,1.4858118492771173e7,1.561355950388253e7,1.6365357466879865e7,1.714818011776528e7,1.796345806823934e7,1.8812627329776797e7,1.9697205547841214e7,2.0572382814531777e7,2.1479967528432988e7,2.2421314205504835e7,2.3397756941289824e7,2.4410858797509708e7,2.54063573178322e7,2.6434603114139885e7,2.74970207359306e7,2.8595100631954163e7,2.9730345902791623e7,3.084074222125035e7,3.198398014970776e7,3.3161294294443797e7,3.43739199888522e7,3.562307764832385e7,3.68396207243027e7,3.80874153170272e7,3.936761426604468e7,4.068160509875877e7,4.203102381228808e7,4.334046632368254e7,4.4680327094143644e7,4.60517658314763e7,4.745587616980248e7,4.8893701978281215e7
RUS,16.23692346195796,16.58764054562328,16.94180544088146,17.301582788100337,17.666788068968668,18.037958284416284,18.39382409439694,18.754242224707713,19.1209734977986,19.494555635839458,19.87040613937586,20.23131229243694,20.59821424974794,20.9737308741872,21.347603211744556,21.72211515125209,22.072157120575977,22.427408679490053,22.78840030971845,23.155464137316066,23.52915578241379,23.874863886357584,24.226409409441786,24.584236202425735,24.948718136969084,25.320400650032283,25.666612496033355,26.01876559288012,26.37727615798911,26.74254067356241,27.114463117978268,27.4649469827159,27.82105271466353,28.183912573766186,28.553704939745362,28.93095871627644,29.28866606914326,29.65195576523314,30.02134075454724,30.396572523004913,30.773431966609014,31.127926207719,31.487461224888552,31.85217071495428,32.222427619398715,32.59823778657157,32.95033810358236,33.30735071478072,33.669158819489276,34.03550737990711,34.40643694336719,34.75112303016776,35.10006893481275,35.45364174397151,35.81187837557782,36.17492122280693,36.50632881887383,36.84162047021048,37.18106347504544,37.53537956857753,37.89096811241789,38.21657848412338,38.545222491105214,38.87773337054071,39.214157502902005,39.54820268435112,39.85362836742659,40.16090632857993,40.47101936371708,40.784012772472984,41.100018465228246,41.394942717301696,41.69077842599972,41.98792256854741,42.286058477026536,42.585379569455924,42.86664629020374,43.147866170712504,43.42388137442366,43.69421186511624,43.964720026819286,1.3890801789233607,1.4001534798241235,1.4107555146317554,1.4209136584091964,1.4306549300263474,1.440006063009182,1.445285430784079,1.4501353170548945,1.4545845716378674,1.4586618051436318,1.1826347349247912,1.1542484815018226,1.1253891724403935,1.0965912352943568,1.068324677577745,1.039431280375035,1.01168132304373,0.9842201245287524,0.9570126167710955,0.9290726027873311,0.9023139106189952,0.8675798205959702,0.833806003897538,0.800039497569304,0.7662688574214961,0.7329025423214023,0.70056980970608,0.6686008195612456,0.6361865777369754,0.6049072030216832,0.5731777023717345,0.550046783258302,0.5269854725534033,0.50436667170844,0.4814715944123512,0.45902591045121305,0.4372017444037347,0.41582448943661077,0.3942289898277927,0.3724440539389131,0.3517621183432737,0.325659931256715,0.3002585423548486,0.2749483262104978,0.25032820621710566,0.22581486157644193,0.20183831150041043,0.17801696795746796,0.1548973910723142,0.13194607167115371,0.10918018501085393,0.09358004886565756,0.07792766084724524,0.0627194954020541,0.04794786705325278,0.033605122554131533,0.018797613031727466,0.0048845468828651786,-0.00903113187074056,0.0,-2.238152796277809e-16,0.0,0.0,-2.1476290379106327e-16,0.0,0.0,0.0,0.0,0.0,0.0,0.0,0.0,0.0,-4.256557813164365e-7,0.0,0.0,0.0,0.0,0.0,-1.6718144023059457e-16,-1.642583501182124e-16,0.0,0.0,0.0,0.0,0.0,0.0,0.0,0.0,0.0,0.0,42.9715648071103,49.77035880656099,56.890651013468975,64.17535052085134,71.46716356369797,79.0825868354012,86.07522776838395,93.07660433496186,100.08735295757519,107.42481199418724,114.45659088136418,124.0343186929989,133.46870866096017,143.0780410442656,152.86388976873056,162.66903584944478,171.98232568845702,181.30943084894486,190.96948107255068,200.32659983176302,210.0186373047603,217.94121159778885,226.0343868473,234.13918025634118,242.57552476740634,251.02473706885095,259.15170002755514,267.2901814574079,275.7607751680259,284.5644450314993,293.0610917411232,304.4149518776627,315.78083698440895,327.480039769173,339.19218834806253,351.2388847365725,363.28920701200605,375.6741935133373,388.07288967654694,400.8075213178434,413.8789333077194,422.71975690697894,431.8899505176941,441.0676445850846,450.25297827137854,459.44609519801236,469.28144423148416,478.80163603637584,488.65230983804184,481.42628600347996,480.9448597174765,480.463914857759,479.9834509429012,479.50346749195836,479.02396402446635,478.5449400604419,478.06639512038146,477.5883287252611,477.11074039653585,476.6336296561393,476.15699602648317,475.6808390304567,475.2051581914262,474.7303410413752,474.2552230802016,473.7809678571213,473.30718688926424,472.83387970237493,472.3610458226726,471.8886847768499,471.41679609207307,4.1963845e6,4.298496628665702e6,4.401904871350523e6,4.506708886841556e6,4.61301227345169e6,4.720923000582274e6,4.818191915012077e6,4.916565971534337e6,5.016146305740646e6,5.117038899355403e6,5.219353962220478e6,5.312840396509469e6,5.407388825553653e6,5.503098251561374e6,5.600070858301689e6,5.698411891497583e6,5.790681163716412e6,5.884134919562807e6,5.978870664225136e6,6.074986656267293e6,6.172579831128913e6,6.265885111966513e6,6.360544222311422e6,6.456649108282658e6,6.554289359029964e6,6.653554196908524e6,6.748164433295578e6,6.844254593144055e6,6.941906363698103e6,7.041196572395219e6,7.142207211801102e6,7.236881497820395e6,7.333039602425774e6,7.430750540688039e6,7.530084116455955e6,7.631105088482355e6,7.72443897884602e6,7.819120642790189e6,7.915209234946506e6,8.012757376535411e6,8.1118167329758145e6,8.203383689049554e6,8.296078508508649e6,8.389951791412614e6,8.485048108042832e6,8.581416243670892e6,8.672241521378983e6,8.764092775154946e6,8.857010896537045e6,8.951040033110164e6,9.046216265343735e6,9.138793318771299e6,9.232485621714056e6,9.327324730547115e6,9.42334777255451e6,9.520590396130526e6,9.617199824749347e6,9.714992805845007e6,9.814009577170918e6,9.914277365795944e6,1.0016152206084812e7,1.011734614476843e7,1.021994116463761e7,1.032395531673057e7,1.042940591109892e7,1.0536310095759802e7,1.0640525760673385e7,1.0746020783064326e7,1.0852814753415195e7,1.0960926972361261e7,1.1070376626688384e7,1.1173929611118985e7,1.127849872766694e7,1.1384106777907405e7,1.1490774018504053e7,1.1598518313643498e7,1.1698236372822646e7,1.1798627434493849e7,1.1899719500114609e7,1.2001539847991217e7,1.2104114973376244e7
TUR,13.224634073014885,13.512038425095382,13.798750321817819,14.090000138059887,14.388639691297909,14.695243233938236,14.993224363162419,15.297213417862901,15.607883782297728,15.925489910201286,16.24847455103066,16.56180835568441,16.88208515502822,17.2106150654407,17.538321116120343,17.868321838034678,18.19422529736451,18.527267730802958,18.86804279500501,19.21668967618816,19.574119010543555,19.92805407263972,20.288971208444995,20.656752487943532,21.031481244683764,21.412756481087143,21.789123369656522,22.171946686380547,22.562565037246493,22.96289283746732,23.373448387393214,23.78219075680676,24.197549962269022,24.62053386660057,25.050702191526778,25.487512413216262,25.919479272902365,26.35794885479987,26.804393281534356,27.257984965876954,27.716039071660408,28.17068330049764,28.632293488247782,29.10040179525356,29.574936763911143,30.05584408238198,30.529055560965677,31.006447866260572,31.489672473368344,31.980450111842718,32.47983771161633,32.974503841797315,33.47566650441185,33.98265261269575,34.49605693866995,35.01602401479472,35.52511623713303,36.038463604675975,36.55553858174353,37.08258890972017,37.61320608533996,38.13230623937427,38.65640123174824,39.18695254329653,39.7237679606658,40.260648514366856,40.78292792671629,41.307115410960414,41.83393899532223,42.362916091085516,42.89314203174902,43.406678445029755,43.92081122232376,44.438952168553136,44.9639616559944,45.49432673007863,46.01008227202537,46.52733364407534,47.03962033000115,47.545627030487516,48.0501006638756,0.3808560373082185,0.3889853774148545,0.3971120166344703,0.40523671012262047,0.41336165264514774,0.42149032393509317,0.4291697470898039,0.43683369047009685,0.44448522342203683,0.45212713681794897,0.37180831721694707,0.368481102935252,0.36479157317241917,0.36090245287274125,0.356965175334821,0.35258819609945724,0.3482050978054196,0.3436871648374271,0.33902161297982647,0.3338533170173514,0.3288639691101923,0.3204191074188513,0.3120089935017843,0.3032831462138703,0.2942341265558865,0.2850177821798072,0.27568254561379385,0.2661840594198475,0.25620145462020283,0.24637258128204867,0.23606109952457885,0.22890507507956326,0.2215601311021478,0.2141870544142554,0.2064848492600339,0.19876602504424445,0.1910345915592264,0.18330490372095395,0.17528955698350368,0.16700241197618215,0.1590290934711279,0.14834724126066723,0.1377861320340133,0.12707640844528034,0.11650301708244516,0.10580448320583315,0.09513372994532988,0.08438685050788906,0.07383189706979047,0.06322493984796837,0.052581771973996404,0.04525179501746783,0.03782722893105317,0.030554633766224644,0.023437339919393414,0.016478339657677823,0.00923658751332618,0.0024045278692052005,-0.004452889983863438,0.0,-1.106298321387001e-16,0.0,0.0,-1.0612466356188637e-16,0.0,0.0,0.0,0.0,0.0,0.0,0.0,0.0,0.0,-2.0597558624378823e-7,0.0,0.0,0.0,0.0,0.0,-7.891449201936158e-17,-7.715819021985953e-17,0.0,0.0,0.0,0.0,0.0,0.0,0.0,0.0,0.0,0.0,42.9715648071103,49.77035880656099,56.890651013468975,64.17535052085134,71.46716356369797,79.0825868354012,86.07522776838395,93.07660433496186,100.08735295757519,107.42481199418724,114.45659088136418,124.0343186929989,133.46870866096017,143.0780410442656,152.86388976873056,162.66903584944478,171.98232568845702,181.30943084894486,190.96948107255068,200.32659983176302,210.0186373047603,217.94121159778885,226.0343868473,234.13918025634118,242.57552476740634,251.02473706885095,259.15170002755514,267.2901814574079,275.7607751680259,284.5644450314993,293.0610917411232,304.4149518776627,315.78083698440895,327.480039769173,339.19218834806253,351.2388847365725,363.28920701200605,375.6741935133373,388.07288967654694,400.8075213178434,413.8789333077194,422.71975690697894,431.8899505176941,441.0676445850846,450.25297827137854,459.44609519801236,469.28144423148416,478.80163603637584,488.65230983804184,481.42628600347996,480.9448597174765,480.463914857759,479.9834509429012,479.50346749195836,479.02396402446635,478.5449400604419,478.06639512038146,477.5883287252611,477.11074039653585,476.6336296561393,476.15699602648317,475.6808390304567,475.2051581914262,474.7303410413752,474.2552230802016,473.7809678571213,473.30718688926424,472.83387970237493,472.3610458226726,471.8886847768499,471.41679609207307,2.227302e6,2.291435371066862e6,2.3570650665794695e6,2.424262802107257e6,2.49311139130327e6,2.5637043091394883e6,2.633337557567246e6,2.7046992955505545e6,2.7778831775158164e6,2.8529844752776846e6,2.9301014522988214e6,3.007019688270639e6,3.0859784677289976e6,3.1670775619448214e6,3.2504176086231633e6,3.336100514307294e6,3.418205764496617e6,3.5024209157189387e6,3.5888447743710945e6,3.6775789865287216e6,3.7687260311823077e6,3.855608526604951e6,3.944609619230595e6,4.035818531503898e6,4.1293230908855293e6,4.225211821818589e6,4.316325170356995e6,4.409480976617358e6,4.504758641855978e6,4.602240291799699e6,4.702018619580204e6,4.796181851696022e6,4.892277900702942e6,4.990378671035867e6,5.090557652056988e6,5.192884039659064e6,5.288783244752631e6,5.386384392763204e6,5.485753663086799e6,5.586958394972111e6,5.690063028214586e6,5.786203128369304e6,5.883787558919268e6,5.9828794305279665e6,6.083535542915575e6,6.185813306378406e6,6.281090575585301e6,6.37755443086259e6,6.475250865964915e6,6.574235565354715e6,6.674567645969043e6,6.768085928475125e6,6.8626272780879345e6,6.958244682740715e6,7.054988432180267e6,7.152909465070522e6,7.244393771225595e6,7.336706740954836e6,7.429899011660039e6,7.524008824929726e6,7.619246363748536e6,7.708181215691025e6,7.797844005033678e6,7.888281635860628e6,7.979540790338191e6,8.071664437440898e6,8.1573217513746265e6,8.243533319040793e6,8.330335565694895e6,8.417761739720246e6,8.505841183806315e6,8.587226344783619e6,8.668940001153428e6,8.751019179948991e6,8.83351014729638e6,8.916468226522472e6,8.99271218805467e6,9.069151558980187e6,9.145825669389775e6,9.222768032840183e6,9.300007425108548e6
USA,35.82114212646448,35.823213545449306,35.817504946060666,35.816769940735526,35.82866937680025,35.8535887767218,35.87790990259492,35.915032548307934,35.96056590653977,36.01421836762189,36.06983038945193,36.127481165033096,36.18997094107023,36.26031547186209,36.332198387861325,36.40841872875744,36.485461614841846,36.56827743236173,36.6577423981547,36.75339846994621,36.85658782698659,36.9593952334652,37.06704769293135,37.178054692042316,37.292043476522366,37.40768116047506,37.518143633157585,37.63251145240647,37.75182949108526,37.87931662913709,38.01529368507708,38.148339211719616,38.28504168943872,38.42575190640549,38.569157322501724,38.71390215747132,38.84747264945648,38.98480685445312,39.12713949850387,39.27335300578304,39.42563289200316,39.57056418433762,39.71914754044342,39.8707772767848,40.025000649647744,40.18134307536368,40.328496112727805,40.47421963240342,40.622448078049025,40.775329113075095,40.933986827650806,41.0941559864079,41.25662588834415,41.42151268839491,41.58930272584914,41.75988341464936,41.92648557158734,42.09350886965217,42.26016499769648,42.43767354479053,42.61325764060376,42.78564428518545,42.96029306170924,43.138562279574735,43.31987082271019,43.50416397571031,43.68355183516373,43.86221152812916,44.04058204199817,44.217891111610996,44.39295851949607,44.55755953503269,44.720153006832454,44.88486729377368,45.05469550282336,45.2276334341803,45.3928384197424,45.55685233502091,45.71999384503026,45.881498342258595,46.0397763377056,5.847193698243596,5.883696301836583,5.917910444895919,5.949868440250163,5.979622538685624,6.007241810746362,6.02923109906494,6.049133120414707,6.067013951097975,6.0829345757856625,4.930588965887258,4.817163654580288,4.70119354805935,4.584893580782115,4.470218385514536,4.352312770743491,4.240241695947264,4.12872183352775,4.017619807819672,3.9028099314911344,3.792348662362355,3.6481245568161254,3.5073312836980377,3.366001664008535,3.2241281468518928,3.0834736258455604,2.9476240312942603,2.8128497263133188,2.6757996757626734,2.543176605716569,2.4083765015172585,2.31109856166163,2.213787003682165,2.118044751261661,2.0208911253178186,1.925410938604614,1.834146633325029,1.7444794550814187,1.6536536711796388,1.5618275907052528,1.4744568687121624,1.3654229455808673,1.2591045425687935,1.1529853324418016,1.0496157673555766,0.9465887149205409,0.8461315270287623,0.7462151773045768,0.6491671116487687,0.5527885442834376,0.45718998280590034,0.391606269287288,0.32584528014731284,0.2620084521764926,0.20008468239165625,0.14006196296001117,0.07821753354610761,0.020288325989537954,-0.03743847266794346,0.0,-9.23789743226564e-16,0.0,0.0,-8.791196057403963e-16,0.0,0.0,0.0,0.0,0.0,0.0,0.0,0.0,0.0,-1.6814164804355496e-6,0.0,0.0,0.0,0.0,0.0,-6.448471858741713e-16,-6.309086279127102e-16,0.0,0.0,0.0,0.0,0.0,0.0,0.0,0.0,0.0,0.0,42.9715648071103,49.77035880656099,56.890651013468975,64.17535052085134,71.46716356369797,79.0825868354012,86.07522776838395,93.07660433496186,100.08735295757519,107.42481199418724,114.45659088136418,124.0343186929989,133.46870866096017,143.0780410442656,152.86388976873056,162.66903584944478,171.98232568845702,181.30943084894486,190.96948107255068,200.32659983176302,210.0186373047603,217.94121159778885,226.0343868473,234.13918025634118,242.57552476740634,251.02473706885095,259.15170002755514,267.2901814574079,275.7607751680259,284.5644450314993,293.0610917411232,304.4149518776627,315.78083698440895,327.480039769173,339.19218834806253,351.2388847365725,363.28920701200605,375.6741935133373,388.07288967654694,400.8075213178434,413.8789333077194,422.71975690697894,431.8899505176941,441.0676445850846,450.25297827137854,459.44609519801236,469.28144423148416,478.80163603637584,488.65230983804184,481.42628600347996,480.9448597174765,480.463914857759,479.9834509429012,479.50346749195836,479.02396402446635,478.5449400604419,478.06639512038146,477.5883287252611,477.11074039653585,476.6336296561393,476.15699602648317,475.6808390304567,475.2051581914262,474.7303410413752,474.2552230802016,473.7809678571213,473.30718688926424,472.83387970237493,472.3610458226726,471.8886847768499,471.41679609207307,2.0862690000000037e7,2.1159498381874822e7,2.1456982349659484e7,2.1755327302474815e7,2.2054790138714e7,2.2355691164479196e7,2.264496752183482e7,2.2935736124807283e7,2.3228294316460688e7,2.3522923796759047e7,2.3819901639305055e7,2.4105324120168447e7,2.4392947864445247e7,2.4683022557033062e7,2.4975778013757687e7,2.527142801025821e7,2.55468854161835e7,2.5824709292523064e7,2.610513913280704e7,2.6388412133352157e7,2.667474554475044e7,2.694180521728484e7,2.7211313509814996e7,2.7483453215116583e7,2.7758377396476448e7,2.8036227580461275e7,2.8299002889411643e7,2.856419347037156e7,2.8831940169221945e7,2.9102384727229606e7,2.9375733152109265e7,2.9639906770866305e7,2.990691846397313e7,3.0176882074295744e7,3.0449915546811868e7,3.0726096659506217e7,3.0997822510210693e7,3.1272514302420136e7,3.155027848484032e7,3.1831217551690195e7,3.2115412199367434e7,3.2395163088718906e7,3.267790752675197e7,3.2963751404493902e7,3.3252756504852567e7,3.354499456651376e7,3.382919298154014e7,3.411619471681799e7,3.440601573065001e7,3.469873700061557e7,3.499445297470336e7,3.5277300008612774e7,3.556299361772933e7,3.585159788810221e7,3.6143174629023254e7,3.6437793158282116e7,3.671804487064011e7,3.70006261625339e7,3.728562148243628e7,3.7573036740961604e7,3.7864258114781804e7,3.814328559478099e7,3.842489203989406e7,3.870912810478223e7,3.899605031557993e7,3.9285701965556026e7,3.956620095883707e7,3.9848979999172404e7,4.013404437542605e7,4.042139095370244e7,4.071100392164246e7,4.099492232619715e7,4.1280708002145335e7,4.156837412014174e7,4.1857992087165445e7,4.214968976331746e7,4.2436912925444774e7,4.272605116652629e7,4.301713160726787e7,4.331016128638501e7,4.360513218003273e7
EU27,27.076193629310065,27.46352425213376,27.839214228276337,28.21022087000113,28.580031980333416,28.949315907352283,29.31428894790147,29.676915108613024,30.0387191674254,30.40009284949574,30.757093357414696,31.114172836149866,31.470926659703192,31.83062952979732,32.19076974234768,32.55290278597355,32.914067267807106,33.27758355847097,33.64534697676232,34.01767081988505,34.3955918767319,34.775039075663024,35.15810863968901,35.54609592903093,35.93925578659093,36.33739392486286,36.740760954498306,37.14917900359452,37.56525669312708,37.990764741606895,38.42633862568637,38.869881883933616,39.32009296288508,39.778873148994975,40.245902909121035,40.7208555712498,41.203586033921034,41.69454033498986,42.1959439216257,42.70756038279737,43.23061000666552,43.76204920080562,44.30366372980099,44.85615925334774,45.41939915781151,45.99355477380517,46.56996934786787,47.155700813293805,47.75321641232254,48.36400587331918,48.989405150570576,49.617416066934304,50.257644656915055,50.910906645119326,51.577685541073535,52.25814851615609,52.93798398065005,53.62946145538089,54.33385347695749,55.05136477985852,55.78285826574193,56.514791245445515,57.26025004369043,58.02160661026151,58.79874970483711,59.591998981365855,60.3889830960701,61.19901498502081,62.023798310274756,62.86296575426604,63.71589028376313,64.57461111946188,65.44675913764202,66.33589086312747,67.24411104112099,68.17031815998988,69.10899966226125,70.0629055974045,71.03276390728625,72.0181364084602,73.0179170448283,3.351370129584132,3.5576722025761063,3.4691340830012587,3.1810142821613483,3.0356774607505708,2.8905741786445596,2.7456917321840177,2.6010173467583217,2.456537979390363,2.312240426014136,1.7533458738964989,1.5769561976936188,1.4071478927457628,1.2445249929563003,1.0894018424318033,0.9404250477367222,0.8001488078186234,0.6661435221761564,0.5382371274395511,0.4158620307986235,0.29988180716557744,0.2603993509077676,0.22325671081067763,0.18814017103435776,0.15505410725608842,0.12407881620552857,0.09536313475430566,0.06861152226764398,0.04375336930603522,0.020913133377202024,0.0,0.0,0.0,0.0,0.0,0.0,0.0,0.0,0.0,0.0,0.0,0.0,0.0,0.0,0.0,0.0,0.0,0.0,0.0,0.0,0.0,0.0,0.0,0.0,0.0,0.0,0.0,0.0,-0.0,0.0,-0.0,0.0,0.0,-0.0,0.0,0.0,0.0,0.0,0.0,0.0,0.0,0.0,0.0,-0.0,0.0,0.0,0.0,0.0,0.0,-0.0,-0.0,0.0,0.0,0.0,0.0,0.0,0.0,0.0,0.0,0.0,0.0,42.97156480711032,49.770358806561006,56.89065101346893,64.1753505208513,71.46716356369801,79.08258683540117,86.07522776838395,93.07660433496181,100.08735295757516,107.4248119941872,114.45659088136424,124.03431869299892,133.46870866096017,143.07804104426566,152.86388976873056,162.6690358494448,171.98232568845705,181.3094308489448,190.9694810725506,200.32659983176293,210.01863730476023,217.94121159778874,226.03438684730006,234.13918025634118,242.57552476740625,251.024737068851,259.15170002755525,267.2901814574079,275.76077516802593,284.56444503149936,293.0610917411232,304.4149518776628,315.7808369844089,327.4800397691731,339.19218834806264,351.2388847365726,363.28920701200616,375.6741935133375,388.0728896765468,400.8075213178435,413.8789333077196,422.71975690697894,431.8899505176941,441.0676445850845,450.25297827137865,459.4460951980126,469.28144423148433,478.8016360363762,488.652309838042,481.42628600347973,480.94485971747645,480.463914857759,479.98345094290147,479.5034674919584,479.0239640244667,478.54494006044166,478.0663951203817,477.5883287252613,477.110740396536,476.633629656139,476.1569960264829,475.6808390304564,475.2051581914261,474.7303410413752,474.2552230802013,473.7809678571212,473.307186889264,472.83387970237516,472.3610458226723,471.8886847768499,471.41679609207307,1.955633538476563e7,1.986608621339755e7,2.0171009562218938e7,2.047154638945267e7,2.076815563367074e7,2.1061314898317788e7,2.1337633700347893e7,2.16107784568517e7,2.1881207287855677e7,2.2149372121336263e7,2.241572346091656e7,2.2668145905030083e7,2.2919047299970224e7,2.316886676885959e7,2.341803624845376e7,2.3666981266465552e7,2.3902946650393993e7,2.413897198493333e7,2.4375481757786836e7,2.4612897279874664e7,2.485163233084023e7,2.507743435961116e7,2.5304709116504338e7,2.5533827125327505e7,2.576514552685707e7,2.599901139141694e7,2.6220079442996282e7,2.6443706002457418e7,2.6670204130068228e7,2.6899885899090804e7,2.7133070030784145e7,2.7355320950653117e7,2.758098815240101e7,2.7810321826569878e7,2.8043562263850026e7,2.8280933081077088e7,2.8510447767004844e7,2.8743934910898525e7,2.8981592934651993e7,2.9223619650864564e7,2.947019686231806e7,2.971477916552647e7,2.9963924756134957e7,3.021779514963034e7,3.047653632967101e7,3.0740282754218258e7,3.1008444237709828e7,3.128175241850854e7,3.1560312091781337e7,3.1844240146196224e7,3.213366523178002e7,3.2431667332366053e7,3.2735507217356727e7,3.3045293636037443e7,3.3361119698917877e7,3.368307889163479e7,3.401611441927597e7,3.435564522009109e7,3.470174828035384e7,3.505448762970292e7,3.541392607673135e7,3.578552882195118e7,3.616423487474033e7,3.6550133251548424e7,3.694331532376587e7,3.734386626702978e7,3.775675316961297e7,3.8177443291965246e7,3.860600337261316e7,3.9042496638930984e7,3.948698084667385e7,3.99423880970493e7,4.040610613066051e7,4.087821210091465e7,4.135881332759153e7,4.184804743110059e7,4.2346409215964764e7,4.285373814803163e7,4.337013666582705e7,4.3895699300276674e7,4.443051506610773e7
outside_union,3.8162774394578047,3.9101221448660537,4.003003536318797,4.097874366518357,4.197095585595549,4.301324097686031,4.403814103162754,4.510282328885146,4.621510562754579,4.737871801185831,4.859391888857239,4.981698515848327,5.109826184437048,5.24651005919729,5.388914329476616,5.5382792699759635,5.688342214405076,5.84555842658981,6.011209748827597,6.185216918587099,6.368032186110771,6.551336220565704,6.741648320325201,6.939576740563047,7.145184190125265,7.357743579853238,7.568841798491199,7.7864457190932495,8.013687048727887,8.254061862390104,8.505444727843006,8.759179833233837,9.020434647917865,9.290298654271592,9.56841876998811,9.854115229478394,10.138941024417582,10.43076076938821,10.731364471510501,11.040420349569875,11.359944257724905,11.677744257807873,12.001382530383028,12.332644591469501,12.671424106840332,13.020191359419734,13.369190188387742,13.723774215293297,14.085364563898745,14.455615742437924,14.834717315750558,15.21360902027228,15.599350198291592,15.992322059902467,16.39326900841165,16.802289092806568,17.209257056411076,17.621031209151855,18.037798987899404,18.46223445375229,18.8926088713071,19.320871328567854,19.755280900659802,20.198056014949415,20.648991731849534,21.10836933638492,21.56485868603876,22.024531226089422,22.488467168217156,22.953573229827512,23.419042999930262,23.874907603849344,24.33090340405345,24.792281893492557,25.263077280887686,25.74109895574211,26.210951655884443,26.682916235511847,27.15556564384237,27.627547694305544,28.096336598497317,32.563922994558276,33.10418182054618,33.645205273993255,34.18762524998957,34.73227660554813,35.2801677571401,35.462222937153655,35.64741048428736,35.836521779752154,36.0303078934711,29.340807890176745,28.49783634421377,27.661061142883874,26.842703717103834,26.053199921674075,25.263659260247973,24.437927683377577,23.635055788639644,22.85346615881541,22.069350111036453,21.327066098787167,20.31493590754581,19.345344400179457,18.395581091456474,17.464911748343898,16.561935860491545,15.827133581482853,15.105578813642108,14.37907533352606,13.682123198642381,12.979526292213153,12.505972484265373,12.033798448448056,11.571063931856372,11.101686648601262,10.64155236556426,10.203114147279287,9.772187558259027,9.333760927258664,8.88828349404144,8.464930840737392,7.937875596495924,7.418850004886095,6.893782995788745,6.376517709657096,5.85334347885597,5.330452457393037,4.802801552426907,4.283520246983652,3.75973859475114,3.2317512181592933,2.876369528123936,2.5118933645890693,2.1507364081862796,1.7928478954125708,1.4381695385319726,1.0617512950445533,0.7013160502354671,0.3333137872663689,0.44594041444501364,0.4482240901812512,0.4498169591968797,0.45137962441802704,0.45291761763872584,0.45443634885701556,0.45594044786750465,0.4568309142665644,0.4576920312137959,0.45852736021062285,0.45933991369509714,0.46013204331239654,0.46035330285505255,0.4605385699192009,0.4606818913481442,0.46081828439787353,0.4609251915818078,0.46052719105198203,0.46010282563369015,0.45965596939965075,0.4591895930638405,0.4587059719018047,0.0,0.0,0.0,0.0,0.0,0.0,0.0,0.0,0.0,0.0,42.94096446298461,49.734811626912396,56.849892207459455,64.12922362597733,71.41562178038426,79.02535147793128,86.0126954310921,93.00871754657379,100.01405005982785,107.34579390540996,114.37201832622338,123.94224463909758,133.36915095595404,142.97077391568462,152.748677089331,162.54575066293563,171.85142839774312,181.1708305637547,190.82283769378452,200.1720560006327,209.85583993762432,217.77162509056708,225.8578139897514,233.95554461320708,242.38449541038406,250.82622934142483,258.9459836622428,267.0771806747927,275.54015534784173,284.335865212213,292.82472148295903,304.16864668438774,315.52451774437935,327.2133639318754,338.9150707437979,350.9509747218585,362.99048073232257,375.3642995593029,387.7517378530185,400.47475185193707,413.534180868196,422.366800035879,431.52847263599926,440.6975963476823,449.8743094176184,459.05875452236836,468.8849071806197,478.3961256841626,488.2375022897654,481.10955818374055,480.62844862555806,480.1478201769328,479.66767235675394,479.1880046843982,478.7088166797147,478.2301078630331,477.7518777551707,477.2741258774148,476.7968517515377,476.32005489978724,475.8437348448868,475.3678911100419,474.89252321893275,474.4180161511676,473.9432130650176,473.46926985195205,472.9958005821007,472.52280478151835,472.0502819767382,471.5782316947606,471.10665346306575,1.0653491237082464e8,1.0988468281233233e8,1.1332521717012097e8,1.1686383375895375e8,1.2050884786130595e8,1.2426959398799585e8,1.2786954221152541e8,1.3157709531653786e8,1.354012513620776e8,1.3935130713309696e8,1.434369972289771e8,1.473561322710146e8,1.5140164595904317e8,1.555828520697689e8,1.5990928773478287e8,1.6439076062138927e8,1.6868654120448148e8,1.7312640963386574e8,1.777201729933905e8,1.824780821486955e8,1.8741069797400868e8,1.9215141096157745e8,1.9705354775917086e8,2.021267964901062e8,2.0738097273197925e8,2.1282620891095695e8,2.1806357151375234e8,2.2347423732046416e8,2.2906765575435397e8,2.3485389645337683e8,2.4084425741233498e8,2.4661174491150096e8,2.5256579241971472e8,2.58715965549002e8,2.650722506130408e8,2.716446078215178e8,2.779765470614545e8,2.845009116081546e8,2.9122738009273255e8,2.981662462000591e8,3.053278391141153e8,3.122368903953664e8,3.193448423888537e8,3.266617495785572e8,3.341974631084004e8,3.4196209507146883e8,3.4945595818382376e8,3.571512307787911e8,3.650565209683298e8,3.7318179948300844e8,3.815381079502326e8,3.89602541177299e8,3.9787457502451617e8,4.063642694002311e8,4.150814796214718e8,4.24036567746387e8,4.3268504981889826e8,4.4154205592041105e8,4.5061712628047043e8,4.5991901618948954e8,4.694646179055948e8,4.7868933320507133e8,4.881255307576932e8,4.977834256377472e8,5.0767363440137947e8,5.178066588956676e8,5.276116340814633e8,5.376302792803288e8,5.478714507061045e8,5.583439040404232e8,5.690561662490255e8,5.794149835772592e8,5.899800302066097e8,6.00760259797987e8,6.117666184788289e8,6.230121007993052e8,6.338773105822203e8,6.449542570942159e8,6.562527817720958e8,6.67782192735154e8,6.795514258918016e8
