country,abatement_cost_share_mean,co2_emissions_mean,consumption_ede_mean,consumption_ede_npv,country_carbon_tax_mean,country_carbon_tax_npv,gross_output_mean,gross_output_npv,local_damage_cost_kw_mean,local_temp_anomaly_mean,mu_mean,net_output_per_capita_mean,net_output_per_capita_npv,population_mean,transfer_mean,transfer_npv,country_carbon_tax_2030,country_carbon_tax_2040,country_carbon_tax_2050,country_carbon_tax_2080,mu_2030,mu_2040,mu_2050,mu_2080,net_output_per_capita_2030,net_output_per_capita_2040,net_output_per_capita_2050,net_output_per_capita_2080,abatement_cost_share_2030,abatement_cost_share_2040,abatement_cost_share_2050,abatement_cost_share_2080,local_damage_cost_kw_2030,local_damage_cost_kw_2040,local_damage_cost_kw_2050,local_damage_cost_kw_2080,consumption_ede_2030,consumption_ede_2040,consumption_ede_2050,consumption_ede_2080,gross_output_2030,gross_output_2040,gross_output_2050,gross_output_2080,co2_emissions_2030,co2_emissions_2040,co2_emissions_2050,co2_emissions_2080,transfer_2030,transfer_2040,transfer_2050,transfer_2080,local_temp_anomaly_2030,local_temp_anomaly_2040,local_temp_anomaly_2050,local_temp_anomaly_2080,population_2030,population_2040,population_2050,population_2080
ABW,0.00659,0.000226,38.6,1580.0,296.0,11100.0,7760.0,323000.0,0.0474,1.24,0.686,69100.0,2.86e6,107.0,0.0,0.0,41.37377186337433,112.1049123472197,205.859375,480.9448597174765,0.18682564022836087,0.37091869060839927,0.5774641209702325,1.0000000000000002,40402.3109128783,46065.02087848406,54361.01579779418,86865.66898384504,0.0004952370645566719,0.0021292974986331123,0.004930248869971114,0.011472697233419557,0.04131879158514314,0.04642536962119406,0.04873878208807726,0.048898483837401946,22.19995585072929,24.557995283305253,28.955803233299925,49.47492005755941,4640.449027110236,5358.974344889052,6228.261923803554,9736.545671289738,0.0006285916056353458,0.00044884334517641483,0.0002837768704954687,-1.3408763287641057e-19,-0.0,-0.0,-0.0,0.0,1.0919783151685885,1.217092745404665,1.2731225234963546,1.2769756638712608,110.244,110.937,108.709,105.636
AFG,0.0073,0.00767,5.89,208.0,296.0,11100.0,652000.0,2.26e7,0.0225,1.94,0.686,8620.0,308000.0,67400.0,0.0,0.0,41.37377186337433,112.1049123472197,205.859375,480.9448597174765,0.18682564022836087,0.37091869060839927,0.5774641209702325,1.0000000000000002,2031.3529940692003,2803.167636553059,3901.092403308511,11698.020868787136,0.0004735945538327074,0.0021623067476679685,0.005245427133387972,0.012948181852723051,0.019399237911862547,0.022029318861197925,0.023235555967116153,0.02331915883813465,1.2666164871545003,1.7636468109853656,2.515368645986524,8.088075464098393,99637.42646770453,163401.64656909605,259558.8905109498,932270.0213485799,0.012906979816893236,0.013897942184997698,0.012582242527961585,-1.4490013674695353e-17,-0.0,-0.0,-0.0,0.0,1.7112107740448892,1.9072743387095483,1.9950771445033988,2.001115300419003,48093.576,56912.0080000001,64682.976,76870.229
AGO,0.00144,0.00658,5.7,217.0,296.0,11100.0,1.58e6,5.45e7,0.0582,1.89,0.686,11600.0,457000.0,106000.0,0.0,0.0,41.37377186337433,112.1049123472197,205.859375,480.9448597174765,0.18682564022836087,0.37091869060839927,0.5774641209702325,1.0000000000000002,6596.837137288477,6737.738504717537,7262.393744047984,13559.59350426222,0.00020369630053366705,0.0007745964556476546,0.0015609872381642362,0.002175083598778069,0.050473345162112805,0.05694608554512024,0.05989499577413988,0.060098948445377554,2.628806354039497,2.825337604151998,3.1621281148999727,6.868156892238907,310758.9236307176,426064.31940605055,596865.1874916811,2.0473012171830104e6,0.017314190034384825,0.01298157658852921,0.008610272300774956,-5.345347997459512e-18,-0.0,-0.0,-0.0,0.0,1.6621545251882848,1.8525974245522179,1.9378831375620218,1.943748194240686,44834.707,59782.166,77420.355,142116.013
ALB,0.0063,0.00188,20.3,827.0,296.0,11100.0,57000.0,2.5e6,0.0285,1.9,0.686,29500.0,1.19e6,2070.0,0.0,0.0,41.37377186337433,112.1049123472197,205.859375,480.9448597174765,0.18682564022836087,0.37091869060839927,0.5774641209702325,1.0000000000000002,14986.943211178987,18000.58586711192,21684.0243204144,37989.70586999179,0.0004266236057586877,0.00204459928245526,0.005055180664861041,0.011062366402386727,0.02463861690510201,0.027887745261544413,0.02937278203055872,0.02947559470481293,11.375153718171632,13.083047606722225,15.263997038426888,25.47846817274693,42815.56768622723,48842.78740997116,54382.04105491095,65637.23302529131,0.004996225348133845,0.003928126031261274,0.0025405834770714938,-8.715987319495699e-19,-0.0,-0.0,-0.0,0.0,1.6755867297520524,1.8675686364364292,1.9535435604228024,1.9594560138024908,2786.972,2634.385,2424.052,1659.729
ARE,0.00867,0.0644,48.5,2010.0,296.0,11100.0,1.16e6,4.94e7,0.0746,1.75,0.686,94700.0,4.13e6,11200.0,0.0,0.0,41.37377186337433,112.1049123472197,205.859375,480.9448597174765,0.18682564022836087,0.37091869060839927,0.5774641209702325,1.0000000000000002,74456.4204573954,81395.92478102239,86908.532737566,103530.78259662706,0.0008495645282290108,0.003657645156574452,0.008203691546849119,0.014216562172080756,0.06469783402341805,0.07296987744166597,0.07673767943061324,0.07699825175050522,27.516606687771954,33.715735222926895,39.823219466860756,59.22985168510143,845860.3763847509,933388.5049003656,983643.5217764529,1.3121131869448172e6,0.19655789030914458,0.1342891073897623,0.07457415541877796,-2.2391550893787988e-17,-0.0,-0.0,-0.0,0.0,1.540023654231996,1.716473295559873,1.795492432115941,1.800926539403608,10661.076,10648.314,10425.284,11600.276
ARG,0.00538,0.058,29.0,1170.0,296.0,11100.0,2.83e6,1.14e8,0.031,1.45,0.686,48600.0,1.99e6,55200.0,0.0,0.0,41.37377186337433,112.1049123472197,205.859375,480.9448597174765,0.18682564022836087,0.37091869060839927,0.5774641209702325,1.0000000000000002,26170.528565367804,31642.658789050736,38033.94716324604,61475.659681817786,0.0004038076151321671,0.0017361918288560014,0.0040200384435548926,0.00935463607334749,0.02696945965800472,0.03035637564751526,0.031894004922291976,0.032000225297201576,14.711018196547734,17.518194038527838,21.28485088408509,37.848949010559494,1.3189823891867516e6,1.7080090617747097e6,2.1620665861468604e6,3.710215543394806e6,0.14568301856611215,0.11664460238255288,0.08032311748184126,-4.166240373533998e-17,-0.0,-0.0,-0.0,0.0,1.278046809123701,1.424480209968168,1.490057225657291,1.494566924881945,49056.162,52296.7939999999,54867.248,57934.113
ARM,0.00501,0.002,25.2,1020.0,296.0,11100.0,92000.0,3.78e6,0.00858,1.83,0.686,36800.0,1.46e6,2600.0,0.0,0.0,41.37377186337433,112.1049123472197,205.859375,480.9448597174765,0.18682564022836087,0.37091869060839927,0.5774641209702325,1.0000000000000002,16080.852544623089,19958.902473245525,25730.705448268578,49539.47488661113,0.000386921997319622,0.0017396365218542394,0.004104256960772937,0.00864684592199707,0.007207198443046226,0.008350744490454158,0.00888446468857514,0.008921661259484166,12.794926683761268,14.962694001187764,18.458614411701593,32.88965690915569,48074.52161304226,58569.64130484661,73405.64912976214,118517.64615813439,0.005087844412912816,0.004007816690498836,0.002784231300608181,-1.2301526992590277e-18,-0.0,-0.0,-0.0,0.0,1.6141165140105156,1.7990554136020238,1.8818762799487867,1.8875718303306426,2967.01,2905.147,2816.114,2350.729
AUS,0.00732,0.11,42.1,1810.0,296.0,11100.0,2.73e6,1.13e8,0.0385,1.81,0.686,72200.0,3.11e6,35200.0,0.0,0.0,41.37377186337433,112.1049123472197,205.859375,480.9448597174765,0.18682564022836087,0.37091869060839927,0.5774641209702325,1.0000000000000002,54274.837234010614,58659.89239356297,62923.06147847452,81748.41150429565,0.000714203030508255,0.0031312342074936994,0.0070869649013469895,0.011944048776246068,0.033355359788515816,0.03764139404095836,0.03959387713128154,0.03972890805262404,31.50206016643266,34.051218315133504,36.725241229683995,47.76150815176585,1.5814689209271397e6,1.8667294252459155e6,2.16183688380245e6,3.346298250342863e6,0.30894258780466316,0.2299183821033865,0.1415873615098834,-4.7977156049114826e-17,-0.0,-0.0,-0.0,0.0,1.5949299778056585,1.777670562181444,1.8595069608414647,1.865134809863066,28177.48,30572.49,32814.106,38899.744
AUT,6.58e-5,0.00707,59.3,2500.0,296.0,11100.0,822000.0,3.5e7,0.00651,1.81,0.686,91900.0,3.88e6,8940.0,0.0,0.0,41.37377186337433,112.1049123472197,205.859375,480.9448597174765,0.18682564022836087,0.37091869060839927,0.5774641209702325,1.0000000000000002,62259.259161105205,69185.4431683503,76749.74346367203,108285.69428459904,0.0002218690594752311,0.00023700514594416884,0.0,0.0,0.005399547920100086,0.006322583636516067,0.006756556688480858,0.006786870680172873,40.010466856416784,44.380312565656205,49.22678512388454,70.00082834844108,574483.6679603256,641503.1940526369,705513.5803538081,951685.3222413063,0.03486340963398697,0.005980443163870238,0.0,-0.0,-0.0,-0.0,0.0,0.0,1.589879689204122,1.7720416320701522,1.8536188987073916,1.8592289273468066,9175.689,9211.788,9130.698,8729.407
AZE,0.00717,0.0112,22.7,935.0,296.0,11100.0,322000.0,1.34e7,0.0231,1.81,0.686,30500.0,1.25e6,10400.0,0.0,0.0,41.37377186337433,112.1049123472197,205.859375,480.9448597174765,0.18682564022836087,0.37091869060839927,0.5774641209702325,1.0000000000000002,18808.518459434847,21028.301394759976,23182.44624123061,35357.90963234652,0.0005535708369469688,0.002488904875033137,0.005871976720268207,0.012371076772968625,0.01989951604002376,0.022542222099791495,0.023750997130990503,0.023834703154739102,14.272928137260841,15.818207121192215,17.340009085543258,26.28411952802769,206132.30448239937,238302.6816716233,264157.23186971754,367042.59480652626,0.031211503592853074,0.02332996012682525,0.014334683705108497,-5.450574180004919e-18,-0.0,-0.0,-0.0,0.0,1.5939609689688876,1.7765905282566998,1.8583772067443152,1.8640016365340317,10739.736,11055.063,11064.995,10013.683
BDI,0.00118,0.000513,5.2,179.0,296.0,11100.0,338000.0,1.1e7,0.0528,1.88,0.686,7740.0,266000.0,32100.0,0.0,0.0,41.37377186337433,112.1049123472197,205.859375,480.9448597174765,0.18682564022836087,0.37091869060839927,0.5774641209702325,1.0000000000000002,960.7933552645685,1557.2594651301995,2777.5762196326637,11792.043008006765,0.0001675572093024992,0.0006371702387519624,0.0012840422958019567,0.0017891878097739604,0.04581014926110647,0.051685520220340106,0.05436207139791751,0.05454718167812084,0.6642034331180199,1.0366555572816323,1.8344792753833208,7.941567608941523,15851.309956628513,33190.35249216204,74260.74135174596,516080.9591760676,0.0007264800733802863,0.0008318482661785335,0.0008812109692446957,-1.1083886058954968e-18,-0.0,-0.0,-0.0,0.0,1.6582931469033841,1.8482936252619453,1.9333812096409642,1.9392326411108074,15772.827,20252.945,25324.77,41427.148
BEL,0.000139,0.0178,60.5,2540.0,296.0,11100.0,1.11e6,4.66e7,0.00943,1.26,0.686,89900.0,3.78e6,12200.0,0.0,0.0,41.37377186337433,112.1049123472197,205.859375,480.9448597174765,0.18682564022836087,0.37091869060839927,0.5774641209702325,1.0000000000000002,58129.11070859772,65831.99426925262,74446.92840671007,107949.83707373381,0.0004809961773354952,0.0004968159226311793,0.0,0.0,0.008132563674834056,0.00922101636691067,0.009719107661089625,0.00975360405926047,39.04480657207833,44.04685580436498,49.75562940212815,72.65993661425362,697917.51908917,805714.8433832829,918641.1464771784,1.3418577018509817e6,0.09182081743848933,0.01574539787454538,0.0,-0.0,-0.0,-0.0,0.0,0.0,1.1129563606728816,1.240474369967514,1.2975805386963395,1.3015077019277408,11903.751,12121.106,12220.769,12310.312
BEN,0.00274,0.00377,9.54,336.0,296.0,11100.0,795000.0,2.63e7,0.09,2.01,0.686,19200.0,679000.0,30400.0,0.0,0.0,41.37377186337433,112.1049123472197,205.859375,480.9448597174765,0.18682564022836087,0.37091869060839927,0.5774641209702325,1.0000000000000002,3779.6975553624006,5467.645902270362,8304.609615207963,27725.40279882377,0.00038907903532248134,0.001479551866862651,0.002981632004039577,0.00415461363874131,0.07790503116521118,0.08804903763271457,0.09268328337433028,0.09300409618625832,1.8191071344778302,2.597107257419115,3.919117812996732,13.750963672658846,63876.27324247813,117817.16734916774,220987.49605998187,1.17759050303616e6,0.006797869611412203,0.006856706181249531,0.006089239095509426,-5.8727731168318695e-18,-0.0,-0.0,-0.0,0.0,1.7707201651532698,1.973602073606259,2.064458326462068,2.0707064664353965,15672.31,19775.009,24280.484,38697.8249999999
BFA,0.00208,0.00375,8.18,287.0,296.0,11100.0,1.05e6,3.51e7,0.113,2.35,0.686,14000.0,497000.0,54100.0,0.0,0.0,41.37377186337433,112.1049123472197,205.859375,480.9448597174765,0.18682564022836087,0.37091869060839927,0.5774641209702325,1.0000000000000002,2616.507894439566,3935.351701451837,6168.906393695594,20588.201861102843,0.0002947495592760273,0.001120844921192781,0.0022587562919846264,0.003147356777951837,0.0975257306729369,0.11054980889652676,0.1165250054955439,0.11693923394701253,1.4075367566046584,2.0965464202691297,3.2728135068691686,12.030177890000141,78718.95433588479,153358.93810576553,299826.68133157695,1.5980772368733252e6,0.0063464068595278965,0.006761318425403318,0.006258653924849262,-6.037567899078873e-18,-0.0,-0.0,-0.0,0.0,2.071827154700675,2.3092086762998347,2.4155148310189363,2.4228254531702302,27404.036,35051.003,43432.1740000001,69275.6750000001
BGD,0.00704,0.0824,17.4,632.0,296.0,11100.0,5.04e6,1.88e8,0.0751,1.89,0.686,26700.0,976000.0,180000.0,0.0,0.0,41.37377186337433,112.1049123472197,205.859375,480.9448597174765,0.18682564022836087,0.37091869060839927,0.5774641209702325,1.0000000000000002,6345.188238365467,9347.806823961453,13816.192135047037,38655.0928598465,0.0004568486079360019,0.0020858492134427755,0.005059952789838289,0.012490343917274589,0.06509862556915437,0.07347710819477743,0.07729726107764882,0.07756154253572906,3.851702211013564,5.656149650723181,8.529116141389643,25.611313694875697,1.2102384452959604e6,1.894649122594999e6,2.8807835558480606e6,7.432079310076611e6,0.1512302536670301,0.15544919294843013,0.13470954795128282,-1.1143022776606728e-16,-0.0,-0.0,-0.0,0.0,1.6634509418829186,1.8540423793943996,1.939394611984955,1.9452642431825813,178993.87,188416.728,192567.779,176198.774
BGR,0.000146,0.00455,25.1,1080.0,296.0,11100.0,284000.0,1.22e7,0.0176,1.9,0.686,60700.0,2.47e6,4920.0,0.0,0.0,41.37377186337433,112.1049123472197,205.859375,480.9448597174765,0.18682564022836087,0.37091869060839927,0.5774641209702325,1.0000000000000002,29686.971560747712,38075.41212313529,47563.255511301715,78530.58973278834,0.0005111979048747093,0.0005179410073655486,0.0,0.0,0.01509823869507072,0.017195669743789364,0.01816037432234358,0.018227297770135296,16.662233187368518,19.68851483407721,22.769834589006063,29.918577761233774,193468.8373474654,227591.36451448387,260801.01525828466,329609.40061636345,0.027051759440214828,0.004636741082084005,0.0,-0.0,-0.0,-0.0,0.0,0.0,1.6686737128610292,1.8598635542108493,1.9454837689534878,1.9513718291523545,6416.748,5873.293,5385.444,4122.076
BHR,0.00552,0.00607,43.7,1770.0,296.0,11100.0,202000.0,8.37e6,0.075,1.83,0.686,80600.0,3.39e6,2290.0,0.0,0.0,41.37377186337433,112.1049123472197,205.859375,480.9448597174765,0.18682564022836087,0.37091869060839927,0.5774641209702325,1.0000000000000002,50556.691195886764,59628.75524638275,68468.77518807005,96510.1609766878,0.0005410992914923724,0.0023296043290303653,0.0052250435795330565,0.009054723288419277,0.06504740421996748,0.07339750739840169,0.07720320785442944,0.07746645485832211,21.39646955272462,27.0948714467445,33.44068025012182,56.4333420048469,108471.78917121193,141121.72616077322,171716.7744751992,251555.3563026157,0.0160542195793876,0.01293161639757086,0.008291706551708198,-2.7341795956236725e-18,-0.0,-0.0,-0.0,0.0,1.6147559454284273,1.7997681084688664,1.8826217842587771,1.888319590929956,2013.419,2199.706,2316.047,2397.212
BHS,0.00543,0.000658,30.2,1270.0,296.0,11100.0,25100.0,1.07e6,0.0416,1.1,0.686,52000.0,2.23e6,458.0,0.0,0.0,41.37377186337433,112.1049123472197,205.859375,480.9448597174765,0.18682564022836087,0.37091869060839927,0.5774641209702325,1.0000000000000002,38131.732365616546,40956.80839704331,44496.418627540676,59943.24443142536,0.0004077908760365642,0.0017533180661414283,0.004059693124066909,0.00944691258015292,0.03629913851402481,0.04074726810472431,0.042759709788931344,0.04289857330347626,20.01887583263051,21.625587468931826,24.158113526536425,36.4790054126068,16872.653854859214,19234.891600991217,21585.66708119161,29582.237496302525,0.0018819857528274808,0.0013265609827931941,0.0008098413826388771,-3.3545880992954195e-19,-0.0,-0.0,-0.0,0.0,0.9717459178790442,1.083084609463684,1.132945222430034,1.136374112343248,426.81,450.46,463.329,468.734
BIH,0.0179,0.00621,19.7,824.0,296.0,11100.0,67700.0,2.95e6,0.0113,1.98,0.686,29200.0,1.2e6,2400.0,0.0,0.0,41.37377186337433,112.1049123472197,205.859375,480.9448597174765,0.18682564022836087,0.37091869060839927,0.5774641209702325,1.0000000000000002,15827.481764138725,18653.686959144445,22945.06980561892,37253.07623722544,0.001209390726146087,0.005796021076913841,0.014330403973318941,0.031359547750491816,0.009557118003599086,0.011027580510833501,0.011711771695994367,0.011759409422683739,12.275030909426318,13.65031416042217,16.14084416721492,24.237329065212123,50020.315192238784,55448.85657215832,63236.10336583092,77917.14840153846,0.016546589313144212,0.012641520682697888,0.008374614381863208,-2.9330612134778677e-18,-0.0,-0.0,-0.0,0.0,1.740736429849349,1.9401829239660011,2.0295007011835104,2.035643040941317,3126.642,2923.078,2685.037,2002.425
BLR,0.0104,0.0213,21.4,924.0,296.0,11100.0,429000.0,1.8e7,0.00141,1.74,0.686,52300.0,2.14e6,8300.0,0.0,0.0,41.37377186337433,112.1049123472197,205.859375,480.9448597174765,0.18682564022836087,0.37091869060839927,0.5774641209702325,1.0000000000000002,27601.935124287007,34459.13997309854,41686.14148438474,65972.11595232556,0.000804154581522392,0.0036155522015388444,0.008530032051975427,0.017971066034139716,0.0009388080026218865,0.0013211756867245344,0.001510825714037722,0.0015242870033285738,14.897372841293057,17.431801549115534,19.757164265534097,24.848275357525882,256171.8528669479,309515.56848806335,363572.2196627416,519959.68742493575,0.05634642671610443,0.04401836462833419,0.028660425866278563,-1.121661465555069e-17,-0.0,-0.0,-0.0,0.0,1.5272580286859845,1.702245036603829,1.7806091645790405,1.7859982272476718,9264.777,8937.82,8634.216,7728.088
BLZ,0.00823,0.000259,7.57,295.0,296.0,11100.0,11500.0,434000.0,0.0648,1.64,0.686,17700.0,681000.0,580.0,0.0,0.0,41.37377186337433,112.1049123472197,205.859375,480.9448597174765,0.18682564022836087,0.37091869060839927,0.5774641209702325,1.0000000000000002,6953.254903208575,8237.321942983008,10796.58049689166,24463.358376769575,0.0006185984500850994,0.0026596961873272553,0.006158352287763667,0.014330495907534827,0.056276388529641105,0.06340752458804595,0.0666508817780838,0.06687507435601141,3.285028563995931,3.7172706472769055,4.7531996353621695,10.331885287083066,3436.7355195914015,4621.223003367516,6617.042840868238,16719.456765626852,0.0005815008699696856,0.00048346576434439424,0.00037659084677979423,-2.8760846755980324e-19,-0.0,-0.0,-0.0,0.0,1.441896766666356,1.6071034286620665,1.6810876413018272,1.6861754993397693,467.64,526.156,571.048,631.428
BOL,0.00707,0.0113,26.6,966.0,296.0,11100.0,687000.0,2.52e7,0.0508,2.09,0.686,38100.0,1.43e6,16200.0,0.0,0.0,41.37377186337433,112.1049123472197,205.859375,480.9448597174765,0.18682564022836087,0.37091869060839927,0.5774641209702325,1.0000000000000002,10771.117735381105,15226.9713989786,21902.014522010235,54411.89047812824,0.0005311237841806713,0.002283594314841596,0.0052875130400743325,0.01230405154514767,0.0439853625321572,0.049710270988435876,0.052323730249970085,0.05250460073825032,5.239284892817302,8.091543649895046,13.13917606637669,40.02102535521105,148965.74852071528,234749.9438961523,367010.9294080375,1.0230351048792945e6,0.02164101384697865,0.021086340679329012,0.017933775696126728,-1.51097390646607e-17,-0.0,-0.0,-0.0,0.0,1.8375038255547862,2.048037533960346,2.142320479105251,2.148804271027618,13240.382,14653.104,15839.561,17643.957
BRA,0.00453,0.13,9.35,384.0,296.0,11100.0,6.58e6,2.73e8,0.0554,1.75,0.686,29600.0,1.21e6,214000.0,0.0,0.0,41.37377186337433,112.1049123472197,205.859375,480.9448597174765,0.18682564022836087,0.37091869060839927,0.5774641209702325,1.0000000000000002,16062.158452185751,18767.050669698707,22298.104522877584,37620.435037431635,0.00034046192540516213,0.0014638337435304517,0.0033894111388847905,0.007887165297648109,0.04808096631754218,0.054197015768445565,0.056979951993025496,0.05717234615107765,5.397215286449128,6.108994788355413,7.123103952058007,11.74867541800012,3.769709029275567e6,4.53838310656374e6,5.415112821808366e6,8.199108918012562e6,0.3510522900751422,0.2613182111851244,0.16961843288311032,-7.76257634490992e-17,-0.0,-0.0,-0.0,0.0,1.541759872368123,1.7184084425024144,1.797516665000515,1.802956898684748,223852.116,229058.886,228980.4,204530.517
BRB,0.0092,0.000345,16.8,688.0,296.0,11100.0,7590.0,324000.0,0.0484,1.2,0.686,28500.0,1.18e6,259.0,0.0,0.0,41.37377186337433,112.1049123472197,205.859375,480.9448597174765,0.18682564022836087,0.37091869060839927,0.5774641209702325,1.0000000000000002,17846.219642664182,19429.7146881446,21955.800535509512,35271.682205764424,0.0006908899760611194,0.002970517360558516,0.006878038352801666,0.016005206565161408,0.042156555594613496,0.047358715897102534,0.049714906011741354,0.04987754894749064,10.404432888092595,10.939662409741386,12.192183768596477,21.096458909665962,5387.01772577028,5850.468816485781,6428.765911255555,9021.373562995772,0.0010180115984149902,0.000683596030692765,0.000408633050760696,-1.7332141914637906e-19,-0.0,-0.0,-0.0,0.0,1.0570389472812458,1.1781501669724697,1.2323871942355042,1.2361170480146875,289.447,286.64,277.019,239.718
BRN,0.012,0.00279,47.7,1960.0,296.0,11100.0,47400.0,2.08e6,0.0634,1.48,0.686,97100.0,4.19e6,458.0,0.0,0.0,41.37377186337433,112.1049123472197,205.859375,480.9448597174765,0.18682564022836087,0.37091869060839927,0.5774641209702325,1.0000000000000002,72741.79374812281,79747.66185409778,86163.59118741774,109605.69789579332,0.0007774600241468275,0.003549675651144885,0.008610972978428274,0.021255932304136128,0.05509862703063023,0.06202734291503697,0.06517493403767703,0.06539242218794745,25.83609468588273,31.59406748151814,37.6078092106832,59.79184325167328,36176.26797627166,41547.443449901715,45583.82115685846,52142.37456019875,0.0076930270471967845,0.005801091899721206,0.003627473421222889,-1.3304214838589433e-18,-0.0,-0.0,-0.0,0.0,1.3048828029233077,1.4543909626960585,1.5213449423381973,1.5259493346989454,470.987,488.817,492.391,437.036
BTN,0.00738,0.000946,28.8,1090.0,296.0,11100.0,42400.0,1.67e6,0.0234,1.74,0.686,50200.0,1.94e6,841.0,0.0,0.0,41.37377186337433,112.1049123472197,205.859375,480.9448597174765,0.18682564022836087,0.37091869060839927,0.5774641209702325,1.0000000000000002,16526.060433504368,24072.13038306064,33741.546382342756,70384.27705018136,0.0004792543283409988,0.0021881477724654797,0.005308113527339064,0.01310292136352547,0.020239313371545952,0.02289964964819227,0.024114837435790987,0.024198950511551253,8.167097276522133,12.068095727478566,17.396248573461612,41.68961608334723,14214.647044144327,21843.37277611306,31425.946729492545,59619.95237863171,0.0018633633709185164,0.0018800660799011307,0.0015415934534910342,-9.377305079102746e-19,-0.0,-0.0,-0.0,0.0,1.533401123187728,1.7090919818668888,1.7877713141066427,1.793182053218041,842.668,885.158,904.613999999999,816.213
BWA,0.0045,0.00349,6.97,284.0,296.0,11100.0,136000.0,5.4e6,0.0816,2.59,0.686,32900.0,1.36e6,3660.0,0.0,0.0,41.37377186337433,112.1049123472197,205.859375,480.9448597174765,0.18682564022836087,0.37091869060839927,0.5774641209702325,1.0000000000000002,18786.009616431948,22124.561497161365,26020.35823983359,40961.55029408845,0.0006381589644216201,0.002426728765744393,0.0048904079100720275,0.006814306854322305,0.07037645816635801,0.07978896531933134,0.08410585751640065,0.08440508484475534,3.6578309757529395,4.370933536916415,5.304884910018248,8.897186069774426,55822.41692135153,75862.12417824422,99494.26043487753,182510.15887578268,0.009743902734898986,0.007241407805008816,0.004496601468853738,-1.492887272578347e-18,-0.0,-0.0,-0.0,0.0,2.279671400290602,2.540866869477921,2.6578375830039804,2.665881601636917,2774.344,3167.789,3509.813,4080.84
CAF,0.000745,0.000121,2.25,78.5,296.0,11100.0,89200.0,2.98e6,0.0745,1.91,0.686,7710.0,267000.0,9290.0,0.0,0.0,41.37377186337433,112.1049123472197,205.859375,480.9448597174765,0.18682564022836087,0.37091869060839927,0.5774641209702325,1.0000000000000002,1251.2028510850664,1774.8392124760321,2777.6942052504787,11498.370680522994,0.00010564151363059482,0.00040172326062439857,0.0008095633262149313,0.0011280476034468705,0.06457283396214984,0.07289092015319044,0.07668400957787591,0.07694642951091353,0.40429152856170647,0.5464891201381099,0.8358891590792771,3.3355749500439913,7915.8355536130175,13725.65496365967,25145.08070999948,137434.55217563192,0.00022873193731302874,0.00021688864972596675,0.00018812440730039983,-1.8609797390647958e-19,-0.0,-0.0,-0.0,0.0,1.6834817865099603,1.876368276659252,1.9627482986883447,1.9686886104618615,5942.207,7205.166,8400.95399999999,11086.012
CAN,0.00735,0.152,44.9,1960.0,296.0,11100.0,3.66e6,1.51e8,0.00254,3.07,0.686,73300.0,3.14e6,48400.0,0.0,0.0,41.37377186337433,112.1049123472197,205.859375,480.9448597174765,0.18682564022836087,0.37091869060839927,0.5774641209702325,1.0000000000000002,53771.246041959894,58153.05342030617,62840.1494467973,83776.57437347033,0.0007167674424781491,0.0031424771932263757,0.0071124113036260435,0.011986934986948654,0.0012932735588492804,0.002300721331348666,0.002809904202162662,0.002846243696859005,35.80509591683205,37.95366875105874,40.2503349967792,49.99644482554173,2.2000972778518465e6,2.542668034252962e6,2.8985550418466586e6,4.451403144579834e6,0.43133587800418094,0.3142957918902037,0.19051961705382728,-6.405062385864206e-17,-0.0,-0.0,-0.0,0.0,2.6990037200249555,3.0082445794314348,3.1467313766516667,3.156255045813581,40833.733,43486.273,45669.453,52348.31
CHE,0.00892,0.0449,60.7,2550.0,296.0,11100.0,1.09e6,4.59e7,0.00607,1.75,0.686,106000.0,4.54e6,10000.0,0.0,0.0,41.37377186337433,112.1049123472197,205.859375,480.9448597174765,0.18682564022836087,0.37091869060839927,0.5774641209702325,1.0000000000000002,79470.78572746414,85144.28247463671,90163.46630310497,118232.52995751511,0.0006033187594929109,0.0028914131475620618,0.007148890231502161,0.015644078491800863,0.005033401018341025,0.0058947295694569595,0.006299710457658104,0.006327999636161959,39.71716101611592,45.14038156040695,50.06926071321699,70.60637878547435,734065.2240436736,820409.1734998269,897189.7158584375,1.260461572361676e6,0.12113702657523583,0.09330768787060015,0.059273995125350074,-2.3669979523391554e-17,-0.0,-0.0,-0.0,0.0,1.538732124742994,1.71503378787945,1.7939866556189465,1.7994162056325815,9185.114,9551.354,9817.716,10428.101
CHL,0.00699,0.032,25.3,984.0,296.0,11100.0,1.12e6,4.57e7,0.013,1.55,0.686,57300.0,2.32e6,19300.0,0.0,0.0,41.37377186337433,112.1049123472197,205.859375,480.9448597174765,0.18682564022836087,0.37091869060839927,0.5774641209702325,1.0000000000000002,29265.652907426796,35715.18281673519,43231.916491501564,73158.6251293674,0.0005249725917378718,0.0022571469432302077,0.0052262758836485795,0.012161552581375823,0.0111905659513077,0.01271337297786738,0.013411812346554764,0.013460220027539792,10.472406027992951,13.073834016367224,16.485929229100854,33.645722985894515,576128.9060893157,730699.7482733731,894900.9142945148,1.4151226450448302e6,0.0827278476525434,0.06487472941490349,0.043222369115445684,-2.0658623870812027e-17,-0.0,-0.0,-0.0,0.0,1.3655106095574303,1.5219652566167166,1.5920300696011562,1.596848392445998,19458.098,20156.641,20319.303,18854.185
CHN,0.00106,2.17,22.5,866.0,296.0,11100.0,5.26e7,2.21e9,0.0299,1.82,0.686,40700.0,1.66e6,1.3e6,0.0,0.0,41.37377186337433,112.1049123472197,205.859375,480.9448597174765,0.18682564022836087,0.37091869060839927,0.5774641209702325,1.0000000000000002,19797.78597583665,26123.24345858093,32642.530852410397,52171.59218268581,0.0011454072137007014,0.003048544140517545,0.002730305049790394,0.0,0.025850292573093923,0.029216242926404803,0.03075208273745223,0.03085835451381076,7.3217395492698,10.8250005060717,14.985905673822069,31.19717074385125,2.9774214378443398e7,3.9078467142282546e7,4.731500884100399e7,6.377903848764351e7,9.328152871251921,4.6860484697117455,1.1938544499107933,-0.0,-0.0,-0.0,-0.0,0.0,1.6000980907253832,1.7834308164416741,1.8655323927302454,1.8711784778873786,1.46434015e6,1.44903142e6,1.402405167e6,1.185891297e6
CIV,0.00157,0.0115,22.2,795.0,296.0,11100.0,3.73e6,1.27e8,0.0877,2.04,0.686,44500.0,1.62e6,63300.0,0.0,0.0,41.37377186337433,112.1049123472197,205.859375,480.9448597174765,0.18682564022836087,0.37091869060839927,0.5774641209702325,1.0000000000000002,8169.688010023087,14050.12299234324,22928.804499820442,66861.58005994752,0.00022257561516501,0.0008463888748530204,0.00170566521772304,0.002376678264480002,0.0758453630106967,0.08572442174117105,0.0902377212269592,0.09055016305260476,3.727178504716649,6.435788296411252,10.558780989422353,33.429768700857636,296376.86331137194,642501.539800485,1.283670921295278e6,5.852241164986929e6,0.01804335565131944,0.021390497606739896,0.020234327796125096,-1.6695940760543168e-17,-0.0,-0.0,-0.0,0.0,1.798824160319582,2.004926110135799,2.0972243885252517,2.1035716958876827,33712.604,42083.001,51263.67,80069.3910000001
CMR,0.00167,0.00571,10.7,384.0,296.0,11100.0,1.6e6,5.45e7,0.0676,1.84,0.686,20400.0,741000.0,61100.0,0.0,0.0,41.37377186337433,112.1049123472197,205.859375,480.9448597174765,0.18682564022836087,0.37091869060839927,0.5774641209702325,1.0000000000000002,4578.012675888532,6750.752000953625,10222.443615151537,29850.05355767729,0.0002371087885947918,0.0009016542115259414,0.0018170373840043184,0.0025318645250183513,0.0586207105806446,0.06613086780353516,0.06955239170422581,0.0697890324217876,2.2285271473899178,3.2798716175776192,4.958733782113068,15.694674363984362,163682.19252160154,301643.11328803684,553943.741530258,2.4451499403336663e6,0.010615599254045557,0.010698187339571235,0.009301881601703317,-7.431290616599873e-18,-0.0,-0.0,-0.0,0.0,1.6234211067640814,1.8094260887170888,1.8927243768770634,1.8984527593229932,33766.113,41873.473,50573.036,76376.767
COD,0.000688,0.00449,9.04,306.0,296.0,11100.0,5.27e6,1.71e8,0.0642,1.86,0.686,16200.0,554000.0,240000.0,0.0,0.0,41.37377186337433,112.1049123472197,205.859375,480.9448597174765,0.18682564022836087,0.37091869060839927,0.5774641209702325,1.0000000000000002,1617.4627717554345,2957.0028093106453,5594.595851974816,25176.508617780586,9.75138354109053e-5,0.00037081611736690205,0.0007472784347191048,0.0010412596767860696,0.05566000642938639,0.06279278208282042,0.06604235211062681,0.06626709901600608,0.8432196692377532,1.5268458588498115,2.859349734883793,13.94067218315018,204998.65537712473,489576.96227050654,1.160812641085653e6,8.290907262100933e6,0.005467800755583232,0.007140955787470718,0.00801651967618374,-1.0362854343029977e-17,-0.0,-0.0,-0.0,0.0,1.6411604622812535,1.8291979473778273,1.9134064478921227,1.9191974251954946,120046.72,155725.44,194488.663,308523.391
COG,0.00449,0.00341,9.53,354.0,296.0,11100.0,289000.0,1.01e7,0.0668,1.78,0.686,17000.0,644000.0,13400.0,0.0,0.0,41.37377186337433,112.1049123472197,205.859375,480.9448597174765,0.18682564022836087,0.37091869060839927,0.5774641209702325,1.0000000000000002,5543.546472036036,7432.16327960451,10165.184671869014,23872.45308502309,0.0006366203862703759,0.002420878010578156,0.004878617313715007,0.006797877807287861,0.057970394216709346,0.06537284915428174,0.06874359994924924,0.06897669001107962,2.700692831242594,3.7004620544620295,5.134957126040694,13.649604996431203,41196.913570780795,69662.433520065,116836.17299867143,437236.91334256035,0.007173657732930289,0.006633585266935252,0.0052676311893511745,-3.5678653805734886e-18,-0.0,-0.0,-0.0,0.0,1.5695779060346144,1.7494137532275478,1.8299493284776487,1.8354877205109823,7019.835,8776.65699999999,10701.991,17017.242
COL,0.00451,0.0329,12.3,495.0,296.0,11100.0,1.95e6,7.82e7,0.0509,1.82,0.686,35700.0,1.41e6,52800.0,0.0,0.0,41.37377186337433,112.1049123472197,205.859375,480.9448597174765,0.18682564022836087,0.37091869060839927,0.5774641209702325,1.0000000000000002,16001.584409591163,19702.64411719711,24636.790768147384,47217.28426910719,0.00033901063689686277,0.0014575938531593963,0.003374963081499486,0.00785354464433743,0.044191674816100535,0.04983733769139713,0.05240768788455695,0.05258541762149262,6.28773680339036,7.394990962170252,8.933064383763744,15.859723895414781,892828.5468840292,1.1462727420395971e6,1.4557847452218386e6,2.572025356752867e6,0.08278979791437335,0.06572056099163144,0.04540539679552348,-2.424706902312631e-17,-0.0,-0.0,-0.0,0.0,1.6007481983874703,1.78415541079329,1.8662903443267227,1.8719387234452338,53416.767,55336.024,55957.823,51344.352
COM,0.00174,0.000137,4.34,162.0,296.0,11100.0,28300.0,1.0e6,0.0549,1.48,0.686,14200.0,528000.0,1660.0,0.0,0.0,41.37377186337433,112.1049123472197,205.859375,480.9448597174765,0.18682564022836087,0.37091869060839927,0.5774641209702325,1.0000000000000002,3909.699897790026,5282.026165024467,7643.918951173123,20834.413263726336,0.00024680773426611377,0.0009385364176378953,0.0018913633799940183,0.0026354305573903784,0.047756404959525885,0.05374086649744567,0.05645783041159442,0.056645524744482305,1.3102837752311909,1.6920484956402393,2.395382981455557,6.284016428216709,4356.0169357954765,7054.887433333991,11907.509313447956,43916.781508196545,0.00029406528251800263,0.0002604461765717827,0.0002081312011460866,-1.3893138592277904e-19,-0.0,-0.0,-0.0,0.0,1.2983847005291629,1.4471483341814169,1.5137688939835245,1.518350357225308,1063.111,1266.333,1471.738,1989.637
CPV,0.00237,0.000194,11.0,419.0,296.0,11100.0,17800.0,678000.0,0.0336,1.16,0.686,26400.0,1.0e6,652.0,0.0,0.0,41.37377186337433,112.1049123472197,205.859375,480.9448597174765,0.18682564022836087,0.37091869060839927,0.5774641209702325,1.0000000000000002,8865.622978566926,11603.372347436369,15631.429945000289,36996.088297317554,0.00033600422713269583,0.001277724154723166,0.002574903467314991,0.003587877058354502,0.029322316934626922,0.03292316607378874,0.0345526715783786,0.034665120100694155,3.8244032265917087,4.905658957214429,6.565291837000933,15.352454680743893,5569.042995243887,7829.0694469816335,11015.2897886961,25270.22809111615,0.0005118241121305659,0.00039348122885227475,0.0002621187955446483,-1.08834102726835e-19,-0.0,-0.0,-0.0,0.0,1.0225375695783847,1.1396957618571668,1.1921625117166155,1.195770624386502,610.062000000001,652.383,679.399000000001,657.798000000001
CRI,0.00386,0.00379,30.6,1210.0,296.0,11100.0,243000.0,9.94e6,0.0505,1.58,0.686,42800.0,1.73e6,5460.0,0.0,0.0,41.37377186337433,112.1049123472197,205.859375,480.9448597174765,0.18682564022836087,0.37091869060839927,0.5774641209702325,1.0000000000000002,21600.819900881143,26032.411356551576,31716.29869042907,55125.16444339412,0.0002900319994818675,0.001247007655966005,0.002887364537185821,0.0067189020293492,0.043913798219046354,0.0494421936757903,0.05195370107031111,0.05212723800115491,13.108825422817294,16.467814722583388,21.321866222040004,41.01124039407229,123336.80479889452,155696.4280975796,193158.0625105236,311822.82732823613,0.009784396411772074,0.007637030723515761,0.00515413444965383,-2.5149218817435527e-18,-0.0,-0.0,-0.0,0.0,1.3885543610407132,1.547649267340759,1.6188964630374496,1.623796097761837,5468.042,5691.986,5772.686,5340.254
CUB,0.00806,0.00674,17.3,674.0,296.0,11100.0,203000.0,8.31e6,0.0493,1.31,0.686,22700.0,885000.0,9150.0,0.0,0.0,41.37377186337433,112.1049123472197,205.859375,480.9448597174765,0.18682564022836087,0.37091869060839927,0.5774641209702325,1.0000000000000002,9275.319569391779,11726.830692439838,14910.906576807125,30197.759378214178,0.0006058292110913206,0.0026047941806019693,0.006031230287765897,0.014034682804353741,0.04296649178629839,0.04829710511404283,0.05071344599590012,0.05088028607754874,7.233500641182113,8.92015128686172,11.273308971714302,22.968080105854945,107854.52341578706,132678.85451823426,160181.24739903025,255217.3930926116,0.01787244641585931,0.01359414490550895,0.00892809632590161,-4.299630708106347e-18,-0.0,-0.0,-0.0,0.0,1.1501520143035266,1.2819317501788174,1.340946440523824,1.3450048518512583,11142.328,10764.75,10162.395,7929.46600000001
CYP,0.0001,0.000697,29.7,1260.0,296.0,11100.0,62600.0,2.6e6,0.0365,1.57,0.686,45400.0,1.89e6,1330.0,0.0,0.0,41.37377186337433,112.1049123472197,205.859375,480.9448597174765,0.18682564022836087,0.37091869060839927,0.5774641209702325,1.0000000000000002,29204.68019810956,31592.370684861547,35190.361019411976,55363.55145583471,0.00034154145557734435,0.00036017454352466,0.0,0.0,0.03174007570052764,0.035746448291101816,0.03756681617450887,0.037692603189806904,21.27315338889342,22.002296893238515,23.76525394486129,35.23717228590627,38430.15160763551,43331.72378930322,49459.22881599107,76828.2927054365,0.00359013642879019,0.0006138973365765031,0.0,-0.0,-0.0,-0.0,0.0,0.0,1.3818179880145016,1.5401410681149565,1.611042618224589,1.6159184830713815,1274.973,1323.774,1354.589,1337.299
CZE,0.00012,0.0116,59.5,2440.0,296.0,11100.0,997000.0,4.09e7,0.00773,1.69,0.686,95800.0,3.91e6,10400.0,0.0,0.0,41.37377186337433,112.1049123472197,205.859375,480.9448597174765,0.18682564022836087,0.37091869060839927,0.5774641209702325,1.0000000000000002,50360.59608035987,61588.56458087202,74305.23164514283,122085.66928948443,0.0004315185488823867,0.00042523920718332773,0.0,0.0,0.006505674153593294,0.007520419307965619,0.00799312757438368,0.008026052239085986,32.602671689205366,39.170712236609724,46.588876760225986,74.95561093582171,544871.4903958231,659613.7009127794,789855.8626657563,1.2440569431459848e6,0.06431155093291459,0.011033155426518578,0.0,-0.0,-0.0,-0.0,0.0,0.0,1.4878608369464195,1.6583338750088865,1.7346765197000982,1.7399265659541714,10744.83,10625.54,10545.59,10108.898
DEU,0.000998,0.0463,47.8,2040.0,1410.0,52900.0,6.21e6,2.68e8,0.00796,1.39,1.82,79300.0,3.38e6,78300.0,0.0,0.0,202.24609375,536.23046875,977.83203125,2284.4880836580132,0.5036842501463532,0.9865247725490933,1.5291796567789222,2.648094662937076,57235.15436575081,62173.933544991574,67390.1430253534,90663.44883620722,0.003339294539012594,0.003580967268266451,0.0,0.0,0.006806749178849774,0.0077716527457971085,0.008216313049691967,0.008247178217508217,35.044399053365794,37.86969385856577,40.79915283709739,54.37077978929185,4.806720844811232e6,5.156576765599471e6,5.442571647989175e6,6.892553784773114e6,0.20332768680777313,0.0012229587506928609,-0.0,-0.0,-0.0,-0.0,0.0,0.0,1.2252362359255007,1.3656188162689091,1.4284861035173781,1.4328094560454123,83135.643,82003.619,80103.973,75401.661
DJI,0.00116,0.000155,9.38,365.0,296.0,11100.0,29600.0,1.13e6,0.0848,1.89,0.686,20500.0,790000.0,1290.0,0.0,0.0,41.37377186337433,112.1049123472197,205.859375,480.9448597174765,0.18682564022836087,0.37091869060839927,0.5774641209702325,1.0000000000000002,7260.861622671604,9431.211236846695,13049.47757564277,28679.365211276112,0.0001650982214596262,0.0006278194392402389,0.001265198317627246,0.0017629305625259,0.07341731250139817,0.08290498086432915,0.08723406447942876,0.08753362920923666,3.6812720790986866,4.562812354917467,6.141698084199739,12.90275707786057,8705.025239041954,12436.47312587251,18401.751313000284,42600.143649730766,0.0003931043586679802,0.00030712046948798503,0.00021515876737571307,-9.014975617841723e-20,-0.0,-0.0,-0.0,0.0,1.664623382362123,1.855349153331058,1.9407615442406596,1.9466353124963984,1116.713,1216.933,1295.368,1363.429
DNK,7.3e-5,0.00463,58.9,2480.0,296.0,11100.0,567000.0,2.37e7,0.00363,1.04,0.686,87400.0,3.71e6,6400.0,0.0,0.0,41.37377186337433,112.1049123472197,205.859375,480.9448597174765,0.18682564022836087,0.37091869060839927,0.5774641209702325,1.0000000000000002,61853.6204911981,67257.41523875181,72958.08101164675,100603.12501492817,0.00024567799918335387,0.0002631405302548411,0.0,0.0,0.0030819127498483596,0.003535614661608227,0.003745555230737522,0.0037601466307349038,40.19672882222067,44.0895003662957,48.24345332015445,68.55417182926016,372472.8947675976,414974.58894637483,457357.1663620848,669458.7656657859,0.025029741853831413,0.004295225976927166,0.0,-0.0,-0.0,-0.0,0.0,0.0,0.9165010562504124,1.0215100164748923,1.068535996834751,1.071769950453086,6001.868,6146.58999999999,6245.37399999999,6629.52499999998
DOM,0.00554,0.0118,13.1,552.0,296.0,11100.0,559000.0,2.25e7,0.0527,1.44,0.686,43200.0,1.74e6,12300.0,0.0,0.0,41.37377186337433,112.1049123472197,205.859375,480.9448597174765,0.18682564022836087,0.37091869060839927,0.5774641209702325,1.0000000000000002,20977.418708787533,25779.20101758947,31644.992590120386,56093.374644523006,0.00041637975524000316,0.0017902463986771118,0.0041451982589157735,0.009645883169649648,0.04584458316396857,0.05157453629619793,0.054174874075321656,0.05435448678664799,8.303328720681513,9.59434746232077,11.096261721406,15.982889128559776,258337.9386168289,337199.1283250906,428636.7329866568,735691.8157361025,0.029422070053543237,0.02374521031992119,0.01642010681095101,-8.518364277900313e-18,-0.0,-0.0,-0.0,0.0,1.263765319356121,1.4085624052386765,1.4734066328390796,1.4778659385860675,11770.316,12416.487,12795.809,12319.362
DZA,0.00912,0.066,15.9,617.0,296.0,11100.0,1.83e6,7.04e7,0.0433,1.97,0.686,26300.0,1.05e6,63100.0,0.0,0.0,41.37377186337433,112.1049123472197,205.859375,480.9448597174765,0.18682564022836087,0.37091869060839927,0.5774641209702325,1.0000000000000002,12756.586793068313,15186.639369002607,18253.627202588235,34002.974769030574,0.0008933195089979054,0.0038460242474705523,0.008626204909800598,0.014948755411993789,0.037466496005499034,0.04232412870998715,0.04454006020551972,0.04469338102929829,6.763553896329658,8.149720111677475,10.109428076319789,21.200574899193622,667096.7386829832,884144.5418512691,1.1717120690270064e6,2.488942976605579e6,0.16300129914476164,0.1337556255313124,0.09340754509591302,-4.4662010456082555e-17,-0.0,-0.0,-0.0,0.0,1.73668646220914,1.9356689275197794,2.0247788995226546,2.030906948617712,50360.741,55639.763,60923.3900000001,69018.8970000001
ECU,0.00742,0.0189,22.7,859.0,296.0,11100.0,867000.0,3.31e7,0.0453,1.75,0.686,33900.0,1.32e6,23500.0,0.0,0.0,41.37377186337433,112.1049123472197,205.859375,480.9448597174765,0.18682564022836087,0.37091869060839927,0.5774641209702325,1.0000000000000002,13636.832766360027,17307.078175987037,22124.531991274835,45564.516890365114,0.0005571322085052515,0.002395418886993303,0.0055464355113776015,0.0129065645619416,0.03933497671623005,0.044345883858433924,0.04662607000670866,0.04678370859443024,7.61160515993787,9.934380105217526,13.235168658032133,31.83787866391408,281053.1242962213,394289.9704633951,542929.7676380984,1.2178049019331664e6,0.04282941214434698,0.037151295975277054,0.027829083644528966,-1.886716563269391e-17,-0.0,-0.0,-0.0,0.0,1.544501477823201,1.7214641699502826,1.8007130651550927,1.8061629728324116,19818.799,21762.363,23316.455,25203.001
EGY,0.00592,0.147,27.2,1050.0,296.0,11100.0,8.38e6,3.09e8,0.0579,1.88,0.686,40600.0,1.57e6,177000.0,0.0,0.0,41.37377186337433,112.1049123472197,205.859375,480.9448597174765,0.18682564022836087,0.37091869060839927,0.5774641209702325,1.0000000000000002,14314.433541236825,19928.048082986494,27126.217227607503,56054.43781390741,0.0005796988827061793,0.002495787830292176,0.0055977747019266,0.009700646546834873,0.05022789011333263,0.056665455027235995,0.059598077110618326,0.05980089723189498,9.196468597949892,12.66897248178984,17.4651760349335,38.05179173647308,1.8175648490403201e6,2.9627918120427174e6,4.623501906130782e6,1.2391514616671074e7,0.2881959066968399,0.29086104967127374,0.23918158565668016,-1.442923679023922e-16,-0.0,-0.0,-0.0,0.0,1.6536982231931479,1.8431722338975454,1.9280240511809577,1.9338592690632035,120831.556,140350.383,159956.809,206564.937
ERI,0.00526,0.00028,1.83,62.5,296.0,11100.0,31400.0,1.03e6,0.0681,1.98,0.686,3600.0,123000.0,6830.0,0.0,0.0,41.37377186337433,112.1049123472197,205.859375,480.9448597174765,0.18682564022836087,0.37091869060839927,0.5774641209702325,1.0000000000000002,599.1898183356363,835.0408590368523,1271.515069221675,5007.232601490276,0.0007453590224898876,0.002834378707384734,0.005711914840421864,0.007958996706231554,0.05899220225758255,0.06660508283186235,0.07007721501184422,0.07031744302968994,0.2992054872188527,0.4071949326263811,0.6169809996492167,2.5444967510916183,2692.5823446387603,4567.37767330175,8218.129602364394,44557.13266661043,0.0005489463939032795,0.0005092154476321201,0.00043380643945509066,-4.2569039036923855e-19,-0.0,-0.0,-0.0,0.0,1.7439516812901696,1.9437665658285874,2.0332493186891436,2.0394030037410555,4240.216,5113.55399999999,6005.49199999999,8247.769
ESP,8.79e-5,0.0294,39.6,1670.0,296.0,11100.0,2.53e6,1.11e8,0.0284,1.72,0.686,63300.0,2.67e6,40100.0,0.0,0.0,41.37377186337433,112.1049123472197,205.859375,480.9448597174765,0.18682564022836087,0.37091869060839927,0.5774641209702325,1.0000000000000002,44133.57988146986,47451.97726109614,51409.544599886765,73789.31018080132,0.00028359993033771804,0.0003198801496605853,0.0,0.0,0.024607696534614025,0.02778769579413081,0.02923711811287986,0.02933737465597116,27.540795245997604,29.524090764852456,31.95407798589188,46.29221607582234,2.0911020515915316e6,2.2063489047422814e6,2.3089692175702797e6,2.7131010783631313e6,0.16220968380868808,0.027761201000582145,0.0,-0.0,-0.0,-0.0,0.0,0.0,1.5102723974851235,1.6833132609233799,1.7608058503948394,1.7661349777877748,46230.147,45224.89,43637.408,35720.274
EST,0.000165,0.00166,60.8,2440.0,296.0,11100.0,94800.0,4.02e6,-0.00202,1.54,0.686,93300.0,3.79e6,1070.0,0.0,0.0,41.37377186337433,112.1049123472197,205.859375,480.9448597174765,0.18682564022836087,0.37091869060839927,0.5774641209702325,1.0000000000000002,47480.15187417169,59100.97733003335,72131.42204107728,119612.48127635499,0.0005807599592900074,0.0005851583994003083,0.0,0.0,-0.0020132922857212217,-0.0020277321528831996,-0.002019817498502501,-0.0020189462629648046,29.233409425284037,36.44705289091663,44.92254545726696,79.08239175199749,60685.63316485729,71922.21985155105,83389.1331510549,112893.32332626948,0.009640021076893176,0.0016554394298351333,0.0,-0.0,-0.0,-0.0,0.0,0.0,1.3579246780447056,1.5135101599513139,1.5831857362143165,1.5879772914406196,1279.961,1218.697,1158.412,945.735
ETH,0.00115,0.0131,14.2,494.0,296.0,11100.0,6.01e6,2.02e8,0.0493,1.85,0.686,21500.0,751000.0,229000.0,0.0,0.0,41.37377186337433,112.1049123472197,205.859375,480.9448597174765,0.18682564022836087,0.37091869060839927,0.5774641209702325,1.0000000000000002,3379.8362289295874,5297.840154975655,8665.345999159274,31899.586504281997,0.00016326620029495523,0.0006208528075581329,0.0012511589774398893,0.0017433681101031002,0.04279710531050151,0.04827906648524546,0.05077577680055086,0.050948434623429295,2.1907638267460863,3.356742513917894,5.5125515515284365,21.158790031325648,510937.2103114447,975075.865182553,1.8726761259231498e6,9.22059536573412e6,0.022817037057081598,0.02381243595785316,0.021652919182499033,-1.9295958106563403e-17,-0.0,-0.0,-0.0,0.0,1.6311442261925793,1.8180340917312034,1.9017286557711504,1.907484289915101,144944.302,175465.98,205410.671,274558.382
FIN,8.82e-5,0.00449,53.8,2280.0,296.0,11100.0,429000.0,1.82e7,-0.00642,1.55,0.686,79900.0,3.37e6,5420.0,0.0,0.0,41.37377186337433,112.1049123472197,205.859375,480.9448597174765,0.18682564022836087,0.37091869060839927,0.5774641209702325,1.0000000000000002,53421.5709575621,59585.96186851719,66457.53041407865,94687.56369601855,0.00029541882136947063,0.0003181010823962677,0.0,0.0,-0.00589225048331505,-0.006345812601248109,-0.006534327660893076,-0.006546960193161596,37.61367856407225,41.07082798581681,45.11978850647871,62.894329662487124,296451.70817968686,328812.67160373373,362213.7229274391,502716.0421623049,0.023954524143774483,0.004114247948595852,0.0,-0.0,-0.0,-0.0,0.0,0.0,1.368245156727643,1.5250131170701717,1.5952182405983282,1.6000462125304844,5580.531,5551.766,5486.152,5344.197
FJI,0.00431,0.0006,21.0,812.0,296.0,11100.0,46500.0,1.81e6,0.0449,1.31,0.686,40800.0,1.61e6,1070.0,0.0,0.0,41.37377186337433,112.1049123472197,205.859375,480.9448597174765,0.18682564022836087,0.37091869060839927,0.5774641209702325,1.0000000000000002,16788.704830503622,21929.39126047297,28550.8061226521,54856.375230795435,0.00027967789056751897,0.0012769348487088213,0.0030976496328329614,0.007646456569121377,0.03909822813055167,0.04394358311836668,0.046139499925993206,0.04629110969502499,7.750266372169685,10.27171324369701,13.522428508872382,28.80829856008015,16857.025579466426,23538.62994736755,32095.711023679356,64191.207805885424,0.0012895390884270024,0.001182297277138319,0.0009187991400481474,-5.891882259264858e-19,-0.0,-0.0,-0.0,0.0,1.150810721261264,1.282665929098374,1.3417144179210214,1.3457751535531959,966.019,1026.887,1071.252,1109.845
FRA,5.95e-5,0.0375,50.4,2140.0,296.0,11100.0,5.12e6,2.17e8,0.0147,1.53,0.686,75800.0,3.21e6,66700.0,0.0,0.0,41.37377186337433,112.1049123472197,205.859375,480.9448597174765,0.18682564022836087,0.37091869060839927,0.5774641209702325,1.0000000000000002,51752.66701051401,57418.91468687342,63648.702448590804,89179.05964254297,0.00020197644879585384,0.00021375680710576718,0.0,0.0,0.012635061804537023,0.014322141642913035,0.015094108656378967,0.015147572070701765,34.71515140934543,38.24141285874212,42.23917654480525,59.22209481882859,3.495998919204003e6,3.9362581546182265e6,4.366739554982043e6,6.001648696150596e6,0.19313787623202752,0.0330963648657798,0.0,-0.0,-0.0,-0.0,0.0,0.0,1.3461294201577823,1.5003634494306612,1.569433807006847,1.5741837416407214,66695.705,67570.9220000001,67586.7290000001,66294.6530000001
GAB,0.00237,0.00177,16.2,626.0,296.0,11100.0,166000.0,6.26e6,0.0628,1.66,0.686,33000.0,1.33e6,4340.0,0.0,0.0,41.37377186337433,112.1049123472197,205.859375,480.9448597174765,0.18682564022836087,0.37091869060839927,0.5774641209702325,1.0000000000000002,17564.510068968048,20820.769859663345,24474.182271730017,41355.390439393756,0.00033676473167099395,0.0012806161273231904,0.002580731446889186,0.0035959977799567824,0.0545617479593433,0.061478189979504,0.06462400665734858,0.06484145906059753,6.4660958866342035,8.324038324207718,10.36973672067779,21.456220645952886,50852.300734176315,72260.93243591872,99504.62121850255,229993.72169372046,0.0046841699037388366,0.0036399825081124275,0.002373161801432031,-9.927815141880478e-19,-0.0,-0.0,-0.0,0.0,1.4608171604401454,1.6281916441352127,1.7031466686032186,1.7083012888947204,2744.456,3265.421,3809.049,5203.96499999999
GBR,0.00505,0.154,48.5,2050.0,296.0,11100.0,5.81e6,2.43e8,0.00559,0.907,0.686,76300.0,3.22e6,74700.0,0.0,0.0,41.37377186337433,112.1049123472197,205.859375,480.9448597174765,0.18682564022836087,0.37091869060839927,0.5774641209702325,1.0000000000000002,51509.70451949179,57288.57252737214,63702.76040990789,90191.24421324626,0.00044009970199236403,0.0019082903927920578,0.004359353088025933,0.008541749232103449,0.004832866645319593,0.005465333692932878,0.005753880796876137,0.005773844989783495,33.08560679001147,36.270156106822085,40.097544129655844,57.332015311834326,3.6498393186531393e6,4.1833495762183066e6,4.767162426524742e6,7.002438791732701e6,0.43935973101931225,0.3140113816723481,0.19205396619315868,-7.1798343529578e-17,-0.0,-0.0,-0.0,0.0,0.7986422254934317,0.8901474006576987,0.9311260043968597,0.9339440828892688,70485.483,72486.8960000001,74081.983,76534.8150000001
GEO,0.0069,0.00499,27.6,1090.0,296.0,11100.0,180000.0,7.27e6,0.0177,1.79,0.686,57600.0,2.24e6,3250.0,0.0,0.0,41.37377186337433,112.1049123472197,205.859375,480.9448597174765,0.18682564022836087,0.37091869060839927,0.5774641209702325,1.0000000000000002,20965.81986581072,28858.046458530785,38674.379376248406,79038.0735184452,0.0005327402095597103,0.002395248478066702,0.005651016816091967,0.011905558589138492,0.01519457095198446,0.017265757317255416,0.018216121920053504,0.018282000002115315,11.221701141529914,14.97844604715714,19.556370673220787,37.377294171380214,82058.86385398728,108564.56879665171,139277.448905395,237434.9600023071,0.011957390338743117,0.010228582520218694,0.007273587834212948,-3.393225543538158e-18,-0.0,-0.0,-0.0,0.0,1.5729502555541948,1.753172492827259,1.8338811044761647,1.8394313961378257,3853.301,3689.311,3516.87,2915.001
GHA,0.00176,0.00803,10.7,403.0,296.0,11100.0,1.46e6,5.24e7,0.0831,1.94,0.686,20200.0,767000.0,59200.0,0.0,0.0,41.37377186337433,112.1049123472197,205.859375,480.9448597174765,0.18682564022836087,0.37091869060839927,0.5774641209702325,1.0000000000000002,6407.746480230865,8683.132239470415,12239.063840132154,28683.662943092913,0.00024899714288590877,0.0009468620875318225,0.0019081414898844415,0.0026588092185023515,0.07199202632815696,0.0813068459268225,0.08555777508884144,0.08585194776172982,3.2680880572250297,4.369024091054186,6.092473744202355,15.27446496555198,259944.49076998496,421809.037114091,692418.4132773961,2.2124746941185277e6,0.017703959649929404,0.01571011544380483,0.012210135059351392,-7.061285545483544e-18,-0.0,-0.0,-0.0,0.0,1.7043696092488403,1.8996493410994963,1.9871011244049999,1.9931151406761436,37833.419,44882.713,52016.123,70846.246
GIN,0.00303,0.00377,10.3,372.0,296.0,11100.0,637000.0,2.17e7,0.0716,1.81,0.686,15800.0,570000.0,31200.0,0.0,0.0,41.37377186337433,112.1049123472197,205.859375,480.9448597174765,0.18682564022836087,0.37091869060839927,0.5774641209702325,1.0000000000000002,2831.9178130280206,4518.285823218487,7658.267805734682,24078.529673891466,0.0004301571168809363,0.0016357595952142291,0.0032964259443959937,0.004593248318080006,0.06207908766393384,0.07002723168080117,0.07364813289721904,0.07389855991519736,1.8905139785395242,2.8986147119668138,4.872380124134586,15.845420221554916,51216.18014179891,103460.11548292762,214253.8693367152,1.015372097533739e6,0.006026008317218947,0.006656856635735565,0.006526995030674335,-5.598393688441413e-18,-0.0,-0.0,-0.0,0.0,1.589383602153937,1.7714887053851784,1.853040517627445,1.8586487957805948,17020.912,21364.535,25971.807,39087.022
GMB,0.00207,0.000398,4.99,182.0,296.0,11100.0,90200.0,3.09e6,0.0762,1.81,0.686,12200.0,441000.0,5770.0,0.0,0.0,41.37377186337433,112.1049123472197,205.859375,480.9448597174765,0.18682564022836087,0.37091869060839927,0.5774641209702325,1.0000000000000002,2670.4115049642164,3913.52310283182,5984.862826823939,17893.710552394845,0.0002928878760902575,0.0011137654936653387,0.0022444896426302785,0.003127477592356026,0.06610986403060248,0.07459184537226977,0.0784573941843599,0.07872477530265916,1.1748341629232857,1.663513809712327,2.5031069641184835,7.284270086258157,9029.438456395912,16874.61006354917,31582.00079593972,139649.8850294009,0.0007233651251478414,0.0007392720265821308,0.0006550863202389707,-5.2426766803735e-19,-0.0,-0.0,-0.0,0.0,1.5949068125420587,1.7776447427362396,1.8594799527787202,1.865107720059676,3170.687,4008.098,4882.099,7212.223
GNB,0.00147,0.00023,6.51,227.0,296.0,11100.0,95600.0,3.18e6,0.0755,1.76,0.686,17900.0,620000.0,4130.0,0.0,0.0,41.37377186337433,112.1049123472197,205.859375,480.9448597174765,0.18682564022836087,0.37091869060839927,0.5774641209702325,1.0000000000000002,2431.326834587618,4060.878455292082,6931.374713947773,26881.64587098068,0.00020828437391268035,0.0007920435343050682,0.0015961470519342323,0.002224075372956278,0.06547697148524487,0.07385734111265452,0.077675129456883,0.077939173617978,0.9551862283551706,1.5376302147909333,2.580802221858914,9.741193186027688,6377.143581764953,13075.57419501703,26613.961084785467,147012.52282935946,0.00036331080506585875,0.0004073676999962803,0.00039257596078282097,-3.9248414520646397e-19,-0.0,-0.0,-0.0,0.0,1.5529813079406345,1.7309155844837285,1.8105995826508734,1.816079412145635,2461.208,2996.057,3557.202,5062.17599999999
GNQ,0.00273,0.00175,15.4,626.0,296.0,11100.0,127000.0,4.93e6,0.0611,1.66,0.686,34200.0,1.44e6,3270.0,0.0,0.0,41.37377186337433,112.1049123472197,205.859375,480.9448597174765,0.18682564022836087,0.37091869060839927,0.5774641209702325,1.0000000000000002,22382.489761674395,25000.7527004598,28231.00843059097,41072.25770679927,0.0003875337328383098,0.0014736755410579762,0.0029697898770565372,0.004138112788801147,0.05309443363783239,0.059821788965921684,0.06288132957644704,0.06309281175273414,8.35693268481059,9.798666730030469,11.619451154492866,19.4633060435345,44178.357741040185,62242.95107733029,84897.34020328693,176355.91496814758,0.004682895958748202,0.003608019029398854,0.0023300277392476576,-8.7601317958713e-19,-0.0,-0.0,-0.0,0.0,1.461527356895177,1.6289832120090655,1.7039746768982997,1.7091318031797071,1873.551,2345.653,2820.923,4022.253
GRC,0.000139,0.00735,37.5,1570.0,296.0,11100.0,490000.0,2.1e7,0.0331,1.78,0.686,60100.0,2.46e6,8280.0,0.0,0.0,41.37377186337433,112.1049123472197,205.859375,480.9448597174765,0.18682564022836087,0.37091869060839927,0.5774641209702325,1.0000000000000002,33902.3573154354,39310.13829930196,45754.944694868296,75789.25761756033,0.0004703751273056965,0.0005014097906233041,0.0,0.0,0.02866209520889921,0.03235870554418144,0.03404333846682488,0.03415985942782496,24.087013933701353,26.654690966997595,29.861209928821687,45.7754897202898,346017.6976679577,386100.5473105376,427197.44454928866,568167.000083327,0.04451825069221381,0.007615001542996485,0.0,-0.0,-0.0,-0.0,0.0,0.0,1.5669961117482192,1.7465361474615269,1.8269392499702413,1.8324685319180847,9917.252,9509.27500000001,9029.254,7249.043
GTM,0.00543,0.0118,20.8,743.0,296.0,11100.0,1.01e6,3.65e7,0.0604,1.84,0.686,31400.0,1.17e6,28100.0,0.0,0.0,41.37377186337433,112.1049123472197,205.859375,480.9448597174765,0.18682564022836087,0.37091869060839927,0.5774641209702325,1.0000000000000002,9173.01319156722,12135.378791791069,17093.01179057861,44894.98414792027,0.0004077839845720918,0.001753288435931751,0.004059624517257446,0.009446752931994403,0.05238427727490109,0.05908519454006612,0.062137026235805186,0.06234807397097815,4.2329589560901475,5.825677046174942,8.936301520310291,31.66283991573163,204859.7259035851,312365.38542839926,490741.0366851129,1.5148471834524546e6,0.022849788379903372,0.021542348072573405,0.01841109111567138,-1.7177884047722902e-17,-0.0,-0.0,-0.0,0.0,1.621541365108236,1.8073309739141807,1.890532811891598,1.896254561505751,21212.56,24261.439,26920.714,31461.686
GUY,0.00824,0.00082,19.9,784.0,296.0,11100.0,24600.0,1.01e6,0.0662,1.6,0.686,32300.0,1.28e6,745.0,0.0,0.0,41.37377186337433,112.1049123472197,205.859375,480.9448597174765,0.18682564022836087,0.37091869060839927,0.5774641209702325,1.0000000000000002,13486.123795849362,17661.95846480876,23309.34070012491,42865.870867297795,0.0006192142790432715,0.0026623439759401613,0.00616448306884291,0.014344762245194764,0.057470335612685365,0.06474245484370025,0.06804927133161896,0.06827783547413964,8.381084588552437,10.513978810640426,13.662292796013274,26.79209274856936,11724.027851525208,15750.75484924706,20665.15195606637,31956.941527119678,0.0019856981621998756,0.0016494619681645952,0.0011772712866849001,-5.502712825883072e-19,-0.0,-0.0,-0.0,0.0,1.4048968517701186,1.5658642141325654,1.6379499485770632,1.6429072492001058,821.585000000001,835.334000000001,824.958000000001,687.851000000001
HKG,0.00597,0.0285,31.9,1400.0,296.0,11100.0,653000.0,2.86e7,0.0424,1.31,0.686,79700.0,3.47e6,7840.0,0.0,0.0,41.37377186337433,112.1049123472197,205.859375,480.9448597174765,0.18682564022836087,0.37091869060839927,0.5774641209702325,1.0000000000000002,61678.37050911625,66345.20960913369,71679.30443612023,90170.96050951874,0.00064309599837582,0.0026143041006807264,0.00563856748631545,0.009698833536664087,0.0369045201790899,0.04147674732244859,0.04354874154834356,0.043691792098405076,25.602753492139733,26.896635167198557,28.83782252690448,35.78787905656594,513160.94902723003,563944.4370259724,604887.4586734757,724437.0769030489,0.09026613278419383,0.05799214727633379,0.031519886690545555,-8.434094466928299e-18,-0.0,-0.0,-0.0,0.0,1.1523450457292672,1.2843760502181467,1.34350326575017,1.3475694153795583,8018.674,8140.29800000001,8041.04200000001,7623.05400000001
HND,0.00552,0.00442,8.47,312.0,296.0,11100.0,369000.0,1.34e7,0.0646,1.78,0.686,23700.0,873000.0,13900.0,0.0,0.0,41.37377186337433,112.1049123472197,205.859375,480.9448597174765,0.18682564022836087,0.37091869060839927,0.5774641209702325,1.0000000000000002,6316.009831136342,8525.668588432085,12201.890168957661,34218.76435887047,0.0004143547895822387,0.0017815399535854957,0.0041250390556565,0.009598972670492237,0.05603570365359192,0.06318516789134102,0.06644021588848786,0.06666529322652937,2.3535506463098486,3.0895930623869003,4.382593684475872,12.153576542667764,76397.34657603882,116052.61964169145,180719.98280027663,553791.3620831945,0.008658567920502838,0.008132560134209816,0.0068893068072687705,-6.381006964840329e-18,-0.0,-0.0,-0.0,0.0,1.5659036687067087,1.745318536743328,1.825665585628684,1.8311910127963256,11449.246,12780.363,13830.802,15026.74
HRV,0.000151,0.0029,30.7,1300.0,296.0,11100.0,145000.0,6.47e6,0.0217,1.93,0.686,48800.0,2.05e6,3050.0,0.0,0.0,41.37377186337433,112.1049123472197,205.859375,480.9448597174765,0.18682564022836087,0.37091869060839927,0.5774641209702325,1.0000000000000002,31567.84340090482,35917.68506010333,40685.249980511406,58501.67002247421,0.0004921813854995667,0.0005490077391321643,0.0,0.0,0.018669284341627693,0.021206924338630043,0.022371109780746017,0.02245180566860872,20.45738195603784,22.953992011040167,25.82303518061259,36.5314120741316,124743.41746927281,133189.5560560369,139960.24166620165,154588.99452890924,0.016793385289274453,0.0028762418859074983,0.0,-0.0,-0.0,-0.0,0.0,0.0,1.7000349478368944,1.8948180318280752,1.9820474021848595,1.9880461232265414,3877.267,3629.189,3364.799,2584.446
HTI,0.00566,0.00226,4.81,170.0,296.0,11100.0,239000.0,8.35e6,0.0514,1.48,0.686,14800.0,520000.0,14800.0,0.0,0.0,41.37377186337433,112.1049123472197,205.859375,480.9448597174765,0.18682564022836087,0.37091869060839927,0.5774641209702325,1.0000000000000002,2421.16605204721,3759.897449993904,5951.855046438915,22444.959622188457,0.0004253454660022826,0.0018287949380855653,0.004234454876640429,0.009853583465971616,0.04473625503980001,0.05033858177997056,0.0528817071792972,0.05305738406295198,0.863382852716549,1.2826127168113877,1.9873875917575425,7.232779624403958,32222.147991361355,55056.953078566636,93629.58736176092,372888.9381684852,0.003748795289393027,0.003960535887318907,0.00366396995123998,-4.4105422413883594e-18,-0.0,-0.0,-0.0,0.0,1.3021768517512533,1.451374974653825,1.5181901110226212,1.5227849551995192,12733.227,13915.919,14877.785,15620.972
HUN,0.000113,0.00718,54.1,2190.0,296.0,11100.0,650000.0,2.7e7,0.0174,1.91,0.686,82700.0,3.33e6,8040.0,0.0,0.0,41.37377186337433,112.1049123472197,205.859375,480.9448597174765,0.18682564022836087,0.37091869060839927,0.5774641209702325,1.0000000000000002,40733.02944234265,49955.81571343136,61043.261404278586,107016.24164086055,0.00039650862061324374,0.00040310934527989926,0.0,0.0,0.014908991199296374,0.01698937317204621,0.01794675556702247,0.01801318260603651,28.452270941746278,33.92027301932362,40.53978028995718,68.85623394375361,386207.7910242512,452678.4436681663,526329.9666159622,796268.7864184096,0.041886019858269105,0.007177768533121246,0.0,-0.0,-0.0,-0.0,0.0,0.0,1.6821866375434105,1.8749247347962776,1.9612383022921773,1.9671740440200207,9338.454,8906.606,8470.232,7308.977
IDN,0.00793,0.362,28.6,1070.0,296.0,11100.0,1.7e7,6.51e8,0.0542,1.45,0.686,48500.0,1.86e6,326000.0,0.0,0.0,41.37377186337433,112.1049123472197,205.859375,480.9448597174765,0.18682564022836087,0.37091869060839927,0.5774641209702325,1.0000000000000002,16080.505459009328,22859.97843914341,31542.50321197885,67565.95114075612,0.000514674894631598,0.0023498686556060362,0.005700423780903143,0.014071327629909853,0.047120166799218224,0.053017677230381144,0.05569465131214312,0.05587957125828018,7.91157922497203,11.555477456217236,16.626387478245476,41.29550315263665,5.040563705875672e6,7.688304772108185e6,1.1082050421466721e7,2.4221691870518915e7,0.709590058115784,0.7106421250896521,0.5838059939796089,-4.09126712501298e-16,-0.0,-0.0,-0.0,0.0,1.280578922133338,1.427302442178977,1.493009381446309,1.497528015451751,299198.43,318637.86,330904.672,334740.06
IND,0.0111,1.33,10.1,410.0,296.0,11100.0,4.62e7,1.78e9,0.0789,1.96,0.686,27000.0,1.03e6,1.58e6,0.0,0.0,41.37377186337433,112.1049123472197,205.859375,480.9448597174765,0.18682564022836087,0.37091869060839927,0.5774641209702325,1.0000000000000002,8784.039866565472,12377.600238001221,17088.07240469002,37620.58557973251,0.0006706834576636939,0.0030851711004831507,0.007570738342543359,0.019815838724424217,0.06835948543851901,0.07719778343172928,0.0812305777303578,0.08150963901156133,4.393388048184267,5.976318255661352,7.917452559172171,13.83060799029027,1.4120420262733987e7,2.130127086346401e7,3.0516690291194774e7,6.558694302055207e7,2.59036311352222,2.5850058960284494,2.1350937597996063,-1.5600845435343415e-15,-0.0,-0.0,-0.0,0.0,1.7228048639810836,1.9201968322745717,2.008594534759388,2.014673601428826,1.503642327e6,1.59269152e6,1.639176036e6,1.580043792e6
IRL,2.77e-5,0.00387,95.3,3990.0,296.0,11100.0,1.03e6,4.41e7,0.00316,0.694,0.686,182000.0,7.86e6,5610.0,0.0,0.0,41.37377186337433,112.1049123472197,205.859375,480.9448597174765,0.18682564022836087,0.37091869060839927,0.5774641209702325,1.0000000000000002,131963.42300359067,151931.2657360672,166611.49612976256,205303.43110131726,9.890596441558465e-5,9.803797882008408e-5,0.0,0.0,0.00273107492850659,0.003089034345748722,0.0032523613925682453,0.0032636621038345482,53.60285573097539,69.71089237296862,82.99809622182376,115.91645477407984,694509.2853379248,836622.5568719873,949033.3559101645,1.17359317781603e6,0.01878866695717032,0.003226269834357731,0.0,-0.0,-0.0,-0.0,0.0,0.0,0.6107315905456216,0.6807067300853581,0.7120435753473199,0.7141985948354118,5248.039,5489.09,5677.62,5697.78799999999
IRN,0.0146,0.227,17.3,678.0,296.0,11100.0,3.32e6,1.33e8,0.035,1.91,0.686,31200.0,1.25e6,101000.0,0.0,0.0,41.37377186337433,112.1049123472197,205.859375,480.9448597174765,0.18682564022836087,0.37091869060839927,0.5774641209702325,1.0000000000000002,15442.84342653981,18802.8880297089,22802.67618556795,40295.92115078827,0.0014351157752269794,0.006178629274135112,0.0138579787206061,0.024015141834109747,0.030312652545655964,0.03426013260257168,0.03606160933985624,0.036186269252499396,7.2176675203508145,9.103630298734602,11.40373935122097,23.330991970484042,1.4764870417424014e6,1.9292778641021878e6,2.4699179498128477e6,4.358846045744023e6,0.5795781548659971,0.4688821369946177,0.3163178507062869,-1.2565361049485582e-16,-0.0,-0.0,-0.0,0.0,1.6848384726677688,1.8778804063943602,1.964330040450822,1.9702751394093387,92663.698,98593.61,103098.083,101886.276
IRQ,0.0104,0.079,14.7,578.0,296.0,11100.0,2.22e6,8.28e7,0.0685,2.06,0.686,23300.0,933000.0,80600.0,0.0,0.0,41.37377186337433,112.1049123472197,205.859375,480.9448597174765,0.18682564022836087,0.37091869060839927,0.5774641209702325,1.0000000000000002,12544.611396716311,14316.059255171638,16412.646450403154,28556.21431567331,0.0010229609344302006,0.00440417176430758,0.009878067753176869,0.01711816729713617,0.059340716678322324,0.06703012250924636,0.07053933485069681,0.07078217816217623,6.928527225982297,8.1214990023758,9.711037333708893,18.737245186613563,667708.8280526273,929550.5541573964,1.2588806233994588e6,3.021690974257738e6,0.1868278417929812,0.16103268378595242,0.11492058662412113,-6.209056329385365e-17,-0.0,-0.0,-0.0,0.0,1.8091216528909129,2.0164034474879515,2.109230093717368,2.1156137366771595,50193.762,60583.717,70940.1310000001,97129.1500000002
ISL,0.00721,0.00131,78.7,3280.0,296.0,11100.0,42200.0,1.75e6,-0.00709,0.844,0.686,115000.0,4.76e6,368.0,0.0,0.0,41.37377186337433,112.1049123472197,205.859375,480.9448597174765,0.18682564022836087,0.37091869060839927,0.5774641209702325,1.0000000000000002,68669.49370332797,79530.72576531039,91913.19666326398,140652.93629980626,0.0004879495034824092,0.0023385044597341014,0.005781848125928717,0.012652549274168168,-0.006315530289611409,-0.0069701420140510255,-0.007258758878948222,-0.007278503973598959,49.045519009969965,55.69209146481092,63.5203783627867,95.60008934893459,24557.01736079641,29428.4477489018,34570.70748258139,52131.1008648259,0.0032775243541460506,0.0027069630407809226,0.0018472098328654336,-7.917593841712754e-19,-0.0,-0.0,-0.0,0.0,0.7427240879026387,0.8278223904877058,0.8659318156021711,0.8685525820869628,359.709,371.752,376.683,368.63
ISR,0.00549,0.0282,44.4,1840.0,296.0,11100.0,1.17e6,4.62e7,0.0473,1.75,0.686,74900.0,3.13e6,14100.0,0.0,0.0,41.37377186337433,112.1049123472197,205.859375,480.9448597174765,0.18682564022836087,0.37091869060839927,0.5774641209702325,1.0000000000000002,46960.24649192291,53602.54490000593,61037.538843569426,90604.743912252,0.000537668096698401,0.0023148319455298504,0.005191910765259874,0.008997305879273559,0.04108117183510348,0.04630864132978406,0.04868706799554209,0.04885149170723908,27.31959485173066,30.89716683435295,35.20649857492418,54.07364074059969,488164.0548683957,637078.7320444041,818474.0196002129,1.567019951488659e6,0.07179190793788992,0.05800819376300645,0.039271130411033583,-1.6924088877043626e-17,-0.0,-0.0,-0.0,0.0,1.5376456529284945,1.7138228325471458,1.7927199530489697,1.7981456693523958,9979.695,11332.909,12720.415,16341.218
ITA,8.93e-5,0.0415,42.9,1800.0,296.0,11100.0,3.46e6,1.51e8,0.0257,1.85,0.686,70100.0,2.93e6,49900.0,0.0,0.0,41.37377186337433,112.1049123472197,205.859375,480.9448597174765,0.18682564022836087,0.37091869060839927,0.5774641209702325,1.0000000000000002,45883.382799191284,50812.96302953633,56544.56543112049,83646.74475076997,0.00029222909146443864,0.000323453075165811,0.0,0.0,0.022171487701640222,0.025102387717045236,0.026442285302062957,0.026535056151883195,28.717853476962674,31.556499512167782,34.87111847439615,50.92183081652688,2.769425865825678e6,2.978359715553081e6,3.1562978370154337e6,3.7861640850549676e6,0.22136482977466093,0.037893542039484994,0.0,-0.0,-0.0,-0.0,0.0,0.0,1.629329097676613,1.816010993178721,1.8996124223582547,1.9053616516635072,59031.473,57160.351,54381.674,44093.706
JAM,0.0113,0.00269,8.66,325.0,296.0,11100.0,57300.0,2.35e6,0.0488,1.36,0.686,22100.0,864000.0,2630.0,0.0,0.0,41.37377186337433,112.1049123472197,205.859375,480.9448597174765,0.18682564022836087,0.37091869060839927,0.5774641209702325,1.0000000000000002,9843.969894723494,11447.201436570078,14024.651414014632,29620.104112988873,0.0008523486885346568,0.0036647174865328995,0.008485413268151028,0.019745570638203563,0.04250197449062484,0.04778935479984009,0.050187066934675666,0.05035264281926767,3.3420055834350455,3.7347714457277807,4.589706710615254,11.670707258275863,31306.032865682824,36658.796134469674,43974.24983236796,74302.72130523257,0.0072986201854959515,0.005284397370640155,0.0034483609852827227,-1.7611351904851285e-18,-0.0,-0.0,-0.0,0.0,1.2005068524522358,1.3380560407031747,1.3996544548896932,1.4038905476392285,3047.969,3045.162,2960.321,2341.11
JOR,0.00821,0.0159,27.6,1050.0,296.0,11100.0,602000.0,2.25e7,0.0453,1.92,0.686,41900.0,1.6e6,13100.0,0.0,0.0,41.37377186337433,112.1049123472197,205.859375,480.9448597174765,0.18682564022836087,0.37091869060839927,0.5774641209702325,1.0000000000000002,13502.17984284916,18423.413155572198,25685.467259724064,59458.681694848034,0.0008043899075201855,0.0034631540647910367,0.00776746964524307,0.01346061276203893,0.039228922894991365,0.0442872349126099,0.04659301292263381,0.046752512117011036,8.768858379937681,11.689330912353784,16.378068340514314,39.52058156509737,149632.38237844128,229487.49475818916,350373.38072164723,892441.4651201798,0.03292210785773564,0.03126134115307131,0.02515080864594616,-1.4419920203460704e-17,-0.0,-0.0,-0.0,0.0,1.6909316141282913,1.8846716752000794,1.971433950413579,1.977400549551216,10655.185,11886.728,12932.404,14146.04
JPN,0.00653,0.273,38.3,1630.0,296.0,11100.0,5.98e6,2.67e8,0.0215,1.53,0.686,62000.0,2.63e6,97300.0,0.0,0.0,41.37377186337433,112.1049123472197,205.859375,480.9448597174765,0.18682564022836087,0.37091869060839927,0.5774641209702325,1.0000000000000002,43582.064120754425,47748.923669317766,52152.85267973988,71998.50001114176,0.0005958154616413165,0.0025184210616060456,0.005650512282613813,0.010973437593313998,0.018623065949027857,0.02102466475264516,0.02211877267012868,0.02219443956191388,27.261374439839205,29.609070660344948,32.167972802867695,44.39722369293207,5.364092409648207e6,5.540402175023724e6,5.672082779002564e6,6.245081660139354e6,0.8741852007439446,0.5488408173132033,0.29619087060694604,-8.226196999532321e-17,-0.0,-0.0,-0.0,0.0,1.3508739297089822,1.5056515655727634,1.574965365544842,1.5797320415929523,120758.056,113356.481,105804.023,83924.568
KAZ,0.00914,0.0582,38.2,1610.0,296.0,11100.0,1.48e6,6.05e7,-0.000682,2.09,0.686,57300.0,2.42e6,24900.0,0.0,0.0,41.37377186337433,112.1049123472197,205.859375,480.9448597174765,0.18682564022836087,0.37091869060839927,0.5774641209702325,1.0000000000000002,36312.21656296445,43245.32990175259,49577.09751011809,68133.79611375631,0.0007054181558746702,0.003171624243748856,0.007482690042335824,0.015764526562672774,-0.0010355652555050039,-0.000756478304520873,-0.0006049259936615571,-0.0005938992224380897,24.292853755559126,28.793957864465746,32.95801459491724,45.46905575016022,749200.9246538407,969759.3412020528,1.199295439148486e6,1.8708609876866762e6,0.14455741308181438,0.12098247619876923,0.08293258879789034,-3.540305482091612e-17,-0.0,-0.0,-0.0,0.0,1.8413795025978845,2.0523572703023247,2.146839077752152,2.153336545337751,20639.019,22370.403,24024.036,27041.822
KEN,0.002,0.0126,7.09,268.0,296.0,11100.0,2.06e6,7.39e7,0.0464,1.64,0.686,17600.0,660000.0,100000.0,0.0,0.0,41.37377186337433,112.1049123472197,205.859375,480.9448597174765,0.18682564022836087,0.37091869060839927,0.5774641209702325,1.0000000000000002,4972.893077979601,6963.595957658857,10140.967401219124,25382.56958795923,0.00028341027803038176,0.0010777250066952798,0.0021718599012890954,0.0030262751255373446,0.04028747380680472,0.04537801748452389,0.04769172804493112,0.047851622802678996,2.1441778352500314,2.905620134683014,4.165241206948578,10.137812012085655,343857.3581339336,579130.7841926657,975067.1331937977,3.153700476057196e6,0.02665565434435983,0.02455055867644495,0.019570756322187428,-1.1456372809938592e-17,-0.0,-0.0,-0.0,0.0,1.440456917546237,1.6054986074909576,1.6794089409835182,1.6844917183887211,66449.655,79469.672,91575.0919999999,118213.964
KGZ,0.0174,0.0102,17.4,660.0,296.0,11100.0,255000.0,9.3e6,-7.74e-5,1.95,0.686,24400.0,912000.0,9580.0,0.0,0.0,41.37377186337433,112.1049123472197,205.859375,480.9448597174765,0.18682564022836087,0.37091869060839927,0.5774641209702325,1.0000000000000002,6611.019824443414,9448.802243619692,14011.991483208492,35328.21542835094,0.001340877508710218,0.006028707340612413,0.014223295358732752,0.029965629502607127,-0.00044675905281057435,-0.0001518915868463814,3.292950891825709e-6,1.4491366207473199e-5,5.448577396682648,7.368589039612978,10.488411541252962,24.76070103556889,49270.4276697575,78956.58798300698,129720.2783696561,388138.6040766706,0.018070529066134933,0.018723599501932798,0.017050981578952615,-1.3961385894292107e-17,-0.0,-0.0,-0.0,0.0,1.7167318133537774,1.913427956227955,2.001514048423207,2.0075716858057753,7446.10600000001,8307.138,9126.09800000001,10657.27
KHM,0.0205,0.0232,14.2,518.0,296.0,11100.0,524000.0,1.92e7,0.0727,1.64,0.686,21500.0,796000.0,21600.0,0.0,0.0,41.37377186337433,112.1049123472197,205.859375,480.9448597174765,0.18682564022836087,0.37091869060839927,0.5774641209702325,1.0000000000000002,5706.703142279632,8220.911273548307,11739.329576484402,30490.40907045229,0.0013294083923818003,0.006069725071773129,0.014724229399007055,0.03634632510401761,0.06313936859775307,0.07116688353326973,0.07482009070402568,0.07507266409883528,3.416941478375857,4.940630285627197,7.247674244278609,20.42693571063862,114096.64089665796,181859.8832031068,279955.9122192231,770422.3117379325,0.04148840170987614,0.04341928790694223,0.03809460748996462,-3.3613028563206547e-17,-0.0,-0.0,-0.0,0.0,1.4425609939346482,1.6078437603868896,1.6818620547533,1.6869522565748778,18781.04,20526.539,21860.917,22648.986
KOR,0.0136,0.233,50.7,2050.0,296.0,11100.0,3.48e6,1.53e8,0.0173,1.72,0.686,85800.0,3.57e6,41400.0,0.0,0.0,41.37377186337433,112.1049123472197,205.859375,480.9448597174765,0.18682564022836087,0.37091869060839927,0.5774641209702325,1.0000000000000002,50490.383753218324,60542.86147709431,70870.10585576101,104827.92983529734,0.0008831362835919526,0.0040321653398823565,0.009781419543242895,0.024145145057402638,0.014866185159482664,0.01687524238406835,0.01779606873490002,0.017859876184501272,24.09625247598864,30.719511486759046,38.451666383769364,65.95074925278422,2.623398150070334e6,3.077321229765691e6,3.411271079197703e6,3.819736471564427e6,0.6337053386297269,0.48807654049217597,0.30836097056114975,-1.1070863760731668e-16,-0.0,-0.0,-0.0,0.0,1.511511080172751,1.68469386683105,1.76225001353176,1.767583511724197,51152.05,49783.741,46829.924,34934.427
KWT,0.0114,0.0316,39.8,1670.0,296.0,11100.0,451000.0,1.91e7,0.0825,2.07,0.686,73800.0,3.22e6,5510.0,0.0,0.0,41.37377186337433,112.1049123472197,205.859375,480.9448597174765,0.18682564022836087,0.37091869060839927,0.5774641209702325,1.0000000000000002,58448.39296316096,62802.41159864834,66840.94890124003,81333.65289375876,0.0011174588591048187,0.004811015347116962,0.01079057268963412,0.018699489935535187,0.07136920077285724,0.08065724465908461,0.08489968350515291,0.08519335396267191,24.999080200192743,28.775559897976347,32.91813953297527,47.90032245005453,297593.9753071739,351381.5237130013,395377.8090887857,526727.4349434138,0.0909601373594683,0.06649552705427715,0.03942739372690004,-1.182317141088665e-17,-0.0,-0.0,-0.0,0.0,1.8214800553298347,2.0301778253709784,2.123638585425369,2.130065836082077,4747.083,5152.526,5393.471,5856.128
LAO,0.0146,0.0112,19.2,712.0,296.0,11100.0,316000.0,1.19e7,0.0648,1.75,0.686,31800.0,1.19e6,9130.0,0.0,0.0,41.37377186337433,112.1049123472197,205.859375,480.9448597174765,0.18682564022836087,0.37091869060839927,0.5774641209702325,1.0000000000000002,9343.33833171688,13035.923009345688,18423.292172260197,45119.98365618768,0.0009460312460348578,0.004319327007143965,0.010478030050862815,0.025864707507478005,0.05625752795250654,0.06342628448675117,0.0666895097308426,0.06691513869335988,5.202365251395806,7.149214912967424,10.243517087746257,27.892531987215907,81261.76901784849,124915.26369762207,188268.14530806986,463856.8324412678,0.021027477791303987,0.021223077624104206,0.01823046593585673,-1.4401569199787113e-17,-0.0,-0.0,-0.0,0.0,1.5429312257894732,1.7197140048305548,1.7988823298703942,1.8043266967769616,8226.277,8971.94100000001,9479.75300000001,9386.51600000001
LBN,0.00634,0.00773,22.4,899.0,296.0,11100.0,237000.0,9.71e6,0.03,1.84,0.686,36600.0,1.49e6,6300.0,0.0,0.0,41.37377186337433,112.1049123472197,205.859375,480.9448597174765,0.18682564022836087,0.37091869060839927,0.5774641209702325,1.0000000000000002,18828.794140913807,22914.351988377384,27788.903723814085,47279.8675514108,0.0006213693349041852,0.0026751923635440836,0.006000159129584824,0.010397957409903269,0.025995900687396878,0.029386494737857448,0.03093394331304802,0.03104102659362036,11.035491457651105,13.17587411803262,16.115981743305156,29.601022779954214,119748.01086936686,150808.13633800056,188151.1431611801,307436.5303593455,0.020352302758810656,0.01586925569046427,0.01043304100677571,-3.837264982217145e-18,-0.0,-0.0,-0.0,0.0,1.6173022645837911,1.8026061745077508,1.8855905027980309,1.8912972943776174,6194.842,6376.39699999999,6528.16199999999,6241.13899999999
LBR,0.00228,0.000592,7.75,266.0,296.0,11100.0,175000.0,5.77e6,0.0728,1.78,0.686,12100.0,418000.0,11000.0,0.0,0.0,41.37377186337433,112.1049123472197,205.859375,480.9448597174765,0.18682564022836087,0.37091869060839927,0.5774641209702325,1.0000000000000002,1557.2059814671136,2407.5328926496804,4270.984024831921,18681.476378282685,0.0003239469258043636,0.0012318738233762878,0.0024825046684614177,0.003459128336379328,0.06315025687188047,0.07122842533676206,0.07490812268781881,0.07516260628718006,1.004327732516825,1.4918605814256911,2.627889597946315,11.96369765407032,10551.812457363343,20206.01658819489,42984.735055480516,273929.4161363948,0.0009349671589474724,0.0009790924476448582,0.0009861559802754945,-1.1374272609014433e-18,-0.0,-0.0,-0.0,0.0,1.5639989520484898,1.7431955854039398,1.8234449026308877,1.8289636088402859,6371.558,7825.12099999999,9339.75499999999,13590.907
LBY,0.0128,0.0236,24.9,1020.0,296.0,11100.0,353000.0,1.45e7,0.0497,1.74,0.686,39900.0,1.64e6,8280.0,0.0,0.0,41.37377186337433,112.1049123472197,205.859375,480.9448597174765,0.18682564022836087,0.37091869060839927,0.5774641209702325,1.0000000000000002,23287.82427672371,26866.078806139685,31303.90853896851,49223.17977789432,0.0012492899002512989,0.0053785898551308026,0.01206357922643031,0.02090554271951378,0.04317941967247908,0.04866795986638706,0.05116487681266236,0.05133748558245561,13.998462608043253,15.88035484759825,18.660072205525083,31.41319120941581,185016.63765945254,230884.4479061574,283959.0972771592,445608.6782162211,0.06322217651165896,0.04884722283500335,0.03165725483449481,-1.1182357504538247e-17,-0.0,-0.0,-0.0,0.0,1.528925652864224,1.7041037303720141,1.7825534247099906,1.7879483717354463,7606.414,8150.987,8525.412,8430.754
LCA,0.00566,0.000147,27.2,1050.0,296.0,11100.0,6860.0,276000.0,0.0482,1.2,0.686,42500.0,1.64e6,164.0,0.0,0.0,41.37377186337433,112.1049123472197,205.859375,480.9448597174765,0.18682564022836087,0.37091869060839927,0.5774641209702325,1.0000000000000002,16741.328063052882,20174.03416573599,26050.175389967142,58660.347677847974,0.0004254989898040055,0.0018294550216503558,0.004235983256893299,0.009857140009335078,0.04197458086094741,0.04715270473442681,0.04949789612803344,0.04965977727515756,10.865617007446534,12.581951201628415,16.125622895547846,37.815443320404775,3293.8241940918792,3977.501120955877,5000.461979290425,9144.757013564631,0.00038334903855609604,0.00028622582501478943,0.00019575174804857982,-1.0820351810748689e-19,-0.0,-0.0,-0.0,0.0,1.0527679926215547,1.1733898637136455,1.2274077468430487,1.2311225301875812,188.742,187.937,182.127,147.054
LKA,0.00593,0.0186,27.7,1050.0,296.0,11100.0,953000.0,3.81e7,0.0575,1.42,0.686,47200.0,1.83e6,20000.0,0.0,0.0,41.37377186337433,112.1049123472197,205.859375,480.9448597174765,0.18682564022836087,0.37091869060839927,0.5774641209702325,1.0000000000000002,16740.783855741418,23077.24266792873,31333.165780000196,65151.26269322624,0.0003846213489691115,0.001756078762820497,0.004259979857529199,0.010515634376680136,0.050007153136885384,0.05626227900120285,0.05910142046148068,0.059297539266099486,8.840593054596704,12.128449185836974,16.795261812027437,39.3488528269831,387268.30229239044,541754.8134288185,726993.3809009144,1.2904329606197942e6,0.04074185212802806,0.037421702173039396,0.028620636440111327,-1.6288804501906055e-17,-0.0,-0.0,-0.0,0.0,1.2486175310183698,1.3916790449752852,1.4557460344132134,1.4601518898727515,22023.018,22186.243,21813.964,18501.357
LSO,0.00643,0.000958,6.8,241.0,296.0,11100.0,57500.0,2.01e6,0.0291,2.36,0.686,20100.0,706000.0,2670.0,0.0,0.0,41.37377186337433,112.1049123472197,205.859375,480.9448597174765,0.18682564022836087,0.37091869060839927,0.5774641209702325,1.0000000000000002,3510.754788640671,5067.036059201677,8004.024971613676,30155.06947594699,0.0009120793645354891,0.0034683665888266117,0.006989543965711481,0.009739248387857561,0.02492322139220443,0.028394783843654098,0.029992964606815,0.030103869206551705,1.3075255390023968,1.8103471186472153,2.801561377615056,10.134446639307965,8374.194030940831,13111.617309094876,22127.342996192496,88790.3016598016,0.002089157003790539,0.0017887845184025085,0.0014292868352381242,-1.0380284570578135e-18,-0.0,-0.0,-0.0,0.0,2.0782889697068727,2.316410859765334,2.423048572406271,2.430381995633328,2325.171,2507.457,2665.265,2830.569
LTU,0.000112,0.00214,37.9,1640.0,296.0,11100.0,141000.0,6.16e6,0.00169,1.5,0.686,74500.0,3.11e6,1970.0,0.0,0.0,41.37377186337433,112.1049123472197,205.859375,480.9448597174765,0.18682564022836087,0.37091869060839927,0.5774641209702325,1.0000000000000002,44747.620051232,52408.09185302618,61212.515770434205,91875.18679860224,0.0003664882208614716,0.0004060396711422203,0.0,0.0,0.0012592775301585872,0.0016103208298867589,0.0017813825746073738,0.0017934617217447457,28.32885969373998,30.782659841042996,33.80182399279467,43.65516548164122,111369.85412102996,119957.3975202812,130086.8187237231,156700.61145230953,0.011164084149159592,0.0019158975017191978,0.0,-0.0,-0.0,-0.0,0.0,0.0,1.323949524400973,1.4756422715057345,1.5435745711002844,1.5482462420446108,2484.803,2284.302,2121.388,1702.528
LUX,5.38e-5,0.000845,85.6,3710.0,296.0,11100.0,122000.0,5.23e6,0.00888,1.51,0.686,144000.0,6.4e6,832.0,0.0,0.0,41.37377186337433,112.1049123472197,205.859375,480.9448597174765,0.18682564022836087,0.37091869060839927,0.5774641209702325,1.0000000000000002,127502.72122238988,133906.17123144676,136152.8469430041,148509.87435830076,0.00018314561360239853,0.00019276877902118326,0.0,0.0,0.007575154955416532,0.00866041759229979,0.009161200527878546,0.009195976004756893,63.831751239005676,72.54796329217848,78.10939166378114,94.31103718771577,88703.7550172213,100533.09250970258,108538.30286655248,135065.61338703762,0.0044435897492858,0.0007622940103113501,0.0,-0.0,-0.0,-0.0,0.0,0.0,1.325599139249234,1.4774808925082226,1.5454978344007018,1.550175326154367,690.344,744.183,789.943000000001,901.185000000001
LVA,0.000138,0.0016,39.8,1670.0,296.0,11100.0,94800.0,4.08e6,0.000254,1.45,0.686,71400.0,2.94e6,1390.0,0.0,0.0,41.37377186337433,112.1049123472197,205.859375,480.9448597174765,0.18682564022836087,0.37091869060839927,0.5774641209702325,1.0000000000000002,40044.341022321,48283.460422410746,56926.370596937515,89268.48375456946,0.0004646406130299219,0.0004990596637806902,0.0,0.0,1.4972490720848452e-5,0.00020704380066616048,0.0003057750106205939,0.00031285397793308345,24.85023988872273,28.938371773678504,33.09775392747751,48.34645556384309,68915.565789121,76521.64780646648,84229.86867013584,108719.98864690024,0.008758503815097378,0.0015021508634743277,0.0,-0.0,-0.0,-0.0,0.0,0.0,1.2727380694808852,1.4185632165473638,1.4838678390030304,1.4883588058785402,1720.156,1583.723,1479.176,1217.518
MAC,0.000376,0.000358,68.6,2880.0,296.0,11100.0,135000.0,5.89e6,0.0393,1.31,0.686,149000.0,6.66e6,871.0,0.0,0.0,41.37377186337433,112.1049123472197,205.859375,480.9448597174765,0.18682564022836087,0.37091869060839927,0.5774641209702325,1.0000000000000002,130271.12313114421,142321.3189582632,146916.65478117502,153884.5954565664,4.046011628390373e-5,0.00016447785117955976,0.00035474811963864903,0.0006101980632793947,0.03419875216002099,0.03843525693290761,0.04035501096557914,0.04048754832018828,39.564065226321254,51.10911209745697,60.24277356319578,82.4868908808562,98606.8861379999,116881.63884184723,128187.60761852855,149313.49243393049,0.0010912639312869964,0.0007561892245013241,0.0004202497164398404,-1.0936746973483541e-19,-0.0,-0.0,-0.0,0.0,1.152344956153271,1.2843759503788974,1.343503161314746,1.3475693106280573,731.876,790.725000000001,838.377,931.970000000001
MAR,0.00617,0.0372,20.8,767.0,296.0,11100.0,1.82e6,6.86e7,0.0342,1.55,0.686,37800.0,1.43e6,45500.0,0.0,0.0,41.37377186337433,112.1049123472197,205.859375,480.9448597174765,0.18682564022836087,0.37091869060839927,0.5774641209702325,1.0000000000000002,11012.273949505701,16067.939670871183,22970.938092539458,53933.10224765753,0.0006041609629540385,0.0026011048560922435,0.0058339890850365415,0.010109993539496001,0.029707964279530864,0.033459566169335535,0.03516421403496981,0.0352820054729037,5.100920304279413,7.581308459043233,11.178819167637826,30.50749689147595,463918.69999799796,732103.7365831907,1.1041970574545925e6,2.665181553114093e6,0.07666373413487647,0.07490438660952842,0.05953241250270747,-3.234416641019462e-17,-0.0,-0.0,-0.0,0.0,1.3677613749901776,1.5244739055905574,1.5946542061135145,1.599480470979771,40887.291,43973.175,46165.497,47249.767
MDA,0.0051,0.0021,26.7,1030.0,296.0,11100.0,105000.0,4.23e6,0.0137,1.9,0.686,39200.0,1.48e6,2980.0,0.0,0.0,41.37377186337433,112.1049123472197,205.859375,480.9448597174765,0.18682564022836087,0.37091869060839927,0.5774641209702325,1.0000000000000002,11640.313469776336,16247.724810061281,23481.513345450105,56789.036975387884,0.000393856516327482,0.001770814750569937,0.004177814546293491,0.008801816995803952,0.011658370385452919,0.013348455011277434,0.014129653729054246,0.014183932204232452,9.316886162616658,12.23904669147201,16.877726045000575,37.86980112295481,45778.46842514072,60057.09528248327,80352.57392627136,140992.38553519838,0.004931678124193648,0.004183253882786321,0.003102346021078079,-1.4896569918425635e-18,-0.0,-0.0,-0.0,0.0,1.6714424659159517,1.8629495397200422,1.9487118201219553,1.9546096501065733,3885.9,3641.189,3360.176,2426.47
MDG,0.00215,0.00381,7.84,270.0,296.0,11100.0,1.17e6,3.84e7,0.0575,1.89,0.686,13300.0,464000.0,66300.0,0.0,0.0,41.37377186337433,112.1049123472197,205.859375,480.9448597174765,0.18682564022836087,0.37091869060839927,0.5774641209702325,1.0000000000000002,1956.8769045662602,3076.299454694068,5140.17178712796,19945.18242261436,0.00030529352758830615,0.0011609404971151458,0.0023395579556965067,0.003259946022243404,0.04990204932016589,0.05630207701691709,0.05921786550100596,0.059419527419564126,1.0970986014131914,1.6713617426040555,2.774590772305184,11.746386417623599,73209.42599299939,144677.7426795719,294958.4612061545,1.7722379872401112e6,0.006113360810552127,0.006606758827717954,0.0063772868438957435,-6.935068201814633e-18,-0.0,-0.0,-0.0,0.0,1.6634681359195072,1.8540615434537087,1.939414658276119,1.9452843501443975,35622.312,44471.369,54048.131,83598.4000000001
MDV,0.00763,0.000779,26.2,1010.0,296.0,11100.0,28600.0,1.16e6,0.0551,1.36,0.686,49100.0,1.98e6,552.0,0.0,0.0,41.37377186337433,112.1049123472197,205.859375,480.9448597174765,0.18682564022836087,0.37091869060839927,0.5774641209702325,1.0000000000000002,24344.541008714925,30112.626170503223,36560.758670273215,63117.827475120306,0.0004951329113357264,0.0022606451584152227,0.005483981153785037,0.013537045401725279,0.04796702633071531,0.053946667605278394,0.05665931807551084,0.0568466659513421,9.428487636567555,12.783500891546346,16.97570528904675,36.17403243594808,13256.313281985349,17694.780196863165,22767.304023718272,37063.34651275375,0.0017953122059552486,0.0015734550462953127,0.0011538486471345001,-6.022638574929717e-19,-0.0,-0.0,-0.0,0.0,1.2013784906627318,1.3390275476716518,1.4006706859106832,1.404909854311387,519.348,556.282,586.102,548.102
MEX,0.00659,0.176,29.2,1110.0,296.0,11100.0,7.28e6,2.91e8,0.043,1.74,0.686,45900.0,1.84e6,151000.0,0.0,0.0,41.37377186337433,112.1049123472197,205.859375,480.9448597174765,0.18682564022836087,0.37091869060839927,0.5774641209702325,1.0000000000000002,22263.823337021073,26867.541897809548,32771.722568675075,59615.109678804896,0.0004951237015979179,0.0021288100886999953,0.00492912030420071,0.011470071059014713,0.03730349516722078,0.04205617461132955,0.044218799298117444,0.04436830878446351,9.420363206569087,12.371443563024158,16.97371091034832,41.76559352866766,3.255044666648701e6,4.201821515051523e6,5.335692817590719e6,9.642892186823655e6,0.4408248808280193,0.3518449231099941,0.24305329968231607,-1.3276747798567898e-16,-0.0,-0.0,-0.0,0.0,1.5340137683462554,1.7097748214137856,1.7884855886846243,1.7938984895677013,140875.763,149759.03,155150.814,153104.199
MKD,0.00916,0.00296,20.1,833.0,296.0,11100.0,70300.0,2.98e6,0.018,1.99,0.686,43100.0,1.74e6,1690.0,0.0,0.0,41.37377186337433,112.1049123472197,205.859375,480.9448597174765,0.18682564022836087,0.37091869060839927,0.5774641209702325,1.0000000000000002,20668.445468024664,26291.702262968804,32923.52769211121,56076.8856638711,0.000620181400296213,0.002972227577006066,0.007348700309042891,0.016081327412301238,0.015395961558629545,0.017563624239610335,0.018562308806891255,0.018631626990885893,11.267808224949636,13.626153410535808,16.374510746255016,25.348763879283545,43064.92508719104,52780.05957976451,62727.29051362555,84814.54868198601,0.007305296766134166,0.006170618602184512,0.004259987746652077,-1.637233173283689e-18,-0.0,-0.0,-0.0,0.0,1.7521466354473993,1.952900464473954,2.0428037032146076,2.0489863048743815,2050.742,1966.966,1856.775,1460.927
MLI,0.00183,0.00316,6.99,258.0,296.0,11100.0,768000.0,2.65e7,0.118,2.47,0.686,10600.0,394000.0,53600.0,0.0,0.0,41.37377186337433,112.1049123472197,205.859375,480.9448597174765,0.18682564022836087,0.37091869060839927,0.5774641209702325,1.0000000000000002,2702.0475344712245,3903.888483471845,5842.727136133793,15440.559211876669,0.0002593458077135001,0.0009862149823813443,0.0019874464830806206,0.0027693129982802526,0.10148089522731248,0.11512653868048421,0.12139404658508994,0.12182870547023479,1.7646973908936765,2.4794448504949598,3.7189604847666784,10.241220446251635,80252.84597225235,152249.24149474935,286141.07728789793,1.1962130636879378e6,0.005692920308152322,0.005906136802570465,0.005255535034612502,-3.976480628730899e-18,-0.0,-0.0,-0.0,0.0,2.170373663298595,2.419046242699649,2.53040885223269,2.538067204302986,26957.39,34938.565,43585.533,68867.545
MLT,0.000303,0.00136,69.5,2900.0,296.0,11100.0,40500.0,1.72e6,0.0194,1.45,0.686,99600.0,4.14e6,408.0,0.0,0.0,41.37377186337433,112.1049123472197,205.859375,480.9448597174765,0.18682564022836087,0.37091869060839927,0.5774641209702325,1.0000000000000002,58091.036969569046,68701.8835808118,81177.79167841637,123585.02791240701,0.0010561263819803012,0.0010824087809172774,0.0,0.0,0.016815220287424573,0.0189758308749869,0.01995960539833328,0.020027629318202296,42.479121562029626,48.96500643979762,56.91755257138003,85.15624693449105,26543.23671867196,30857.828447919164,35337.6359927387,48124.72020722389,0.007667701566523108,0.001313812639424754,0.0,-0.0,-0.0,-0.0,0.0,0.0,1.2735331505792424,1.4194493948014344,1.4847948131381976,1.4892885855264533,448.894,440.314,426.793,381.76
MMR,0.00502,0.0146,8.85,335.0,296.0,11100.0,975000.0,3.8e7,0.0675,1.72,0.686,15300.0,592000.0,59900.0,0.0,0.0,41.37377186337433,112.1049123472197,205.859375,480.9448597174765,0.18682564022836087,0.37091869060839927,0.5774641209702325,1.0000000000000002,5789.814384641753,7547.45004929196,9922.978313029455,20815.4460695873,0.00032580897562492207,0.001487557111337507,0.0036085871917522026,0.008907690832802724,0.05862318859281951,0.06608673743419081,0.06948380841175116,0.06971868438198502,2.9682259953289547,3.8621898315908942,5.189650865552545,12.416947495111556,358545.0356814772,493176.24989690806,663054.941690084,1.3383106784354458e6,0.03195230462122669,0.02885709246080282,0.022111998900373145,-1.4310024075988225e-17,-0.0,-0.0,-0.0,0.0,1.5113042097229998,1.684463294007274,1.7620088261149722,1.7673415943470505,58478.49,61201.6100000001,62253.423,59568.374
MNE,0.00774,0.000834,31.4,1290.0,296.0,11100.0,23300.0,985000.0,0.00927,1.89,0.686,42700.0,1.75e6,553.0,0.0,0.0,41.37377186337433,112.1049123472197,205.859375,480.9448597174765,0.18682564022836087,0.37091869060839927,0.5774641209702325,1.0000000000000002,23867.46896331256,28146.228095922554,33464.056787854606,53629.84199868235,0.0005236292166912579,0.002509499957967935,0.006204626879627546,0.01357772560131125,0.007792557118873638,0.009023001046690973,0.009597019575275813,0.009637019119161337,17.90858102027894,20.602726897481578,24.396910989016895,39.61489262773822,15018.616816077823,17374.79052409415,20035.152341581037,28008.414289310134,0.002151043719133748,0.0017150766673607219,0.0011488136935831799,-4.564926983267808e-19,-0.0,-0.0,-0.0,0.0,1.6608409144570624,1.851133305650727,1.9363516168479245,1.9422120383369748,624.058,610.249,589.336,510.246
MNG,0.0398,0.0265,32.8,1270.0,296.0,11100.0,256000.0,9.77e6,-0.0272,2.18,0.686,51000.0,2.01e6,4670.0,0.0,0.0,41.37377186337433,112.1049123472197,205.859375,480.9448597174765,0.18682564022836087,0.37091869060839927,0.5774641209702325,1.0000000000000002,19119.378171434724,27422.356870544518,37277.381563145456,68693.55889041386,0.0025852473806394173,0.011803551815171842,0.028633620566752498,0.07068124611631316,-0.024486812635048934,-0.026805697610717147,-0.027813284452133026,-0.027881878353474502,11.027755556991172,16.01076087132588,22.531523992430415,45.6336045504919,69491.33693102855,110433.10758483809,165984.5570518731,368852.9065880301,0.04913921378949055,0.05127300518396462,0.04392231619985343,-3.129505316392056e-17,-0.0,-0.0,-0.0,0.0,1.920779472950676,2.1408545660446934,2.239410412930612,2.246188050211234,3716.204,4089.199,4448.931,5133.137
MOZ,0.00509,0.00836,4.7,162.0,296.0,11100.0,1.12e6,3.66e7,0.0782,2.19,0.686,10100.0,350000.0,80900.0,0.0,0.0,41.37377186337433,112.1049123472197,205.859375,480.9448597174765,0.18682564022836087,0.37091869060839927,0.5774641209702325,1.0000000000000002,1529.8138299827012,2373.3669703243145,3865.563208448666,14900.077430414533,0.0007221863806377232,0.0027462600415098367,0.0055343357773215,0.007711557586812345,0.06765150576370894,0.07649556476549454,0.08053770846286612,0.08081757042858283,0.6705551630386012,1.0351147828384073,1.6879131510942258,6.9077111556618185,67316.1352580694,135089.82507095046,274322.91521734104,1.6798736919163861e6,0.013297313203211661,0.014592881834921452,0.014030362014981866,-1.5550237301318428e-17,-0.0,-0.0,-0.0,0.0,1.9240698346235587,2.1445219239639806,2.243246600424454,2.250035848032162,41184.834,52729.199,65312.931,103507.934
MRT,0.00354,0.00243,11.5,419.0,296.0,11100.0,291000.0,1.0e7,0.0887,1.94,0.686,20000.0,742000.0,11100.0,0.0,0.0,41.37377186337433,112.1049123472197,205.859375,480.9448597174765,0.18682564022836087,0.37091869060839927,0.5774641209702325,1.0000000000000002,5452.511003252757,7710.020684642092,10997.781999787445,28611.151990083294,0.0005023926547723794,0.001910449864384168,0.0038499890306918833,0.005364584534324252,0.07679904495805467,0.0867606175118964,0.09130874354033544,0.09162353068920757,2.671365503575659,3.830437034163232,5.658022010916863,16.926925998362773,35052.443742193274,62392.24237836687,108735.15121876131,440245.9126471954,0.004816782229038452,0.0046885981096284664,0.003868750651795296,-2.8349781226979044e-18,-0.0,-0.0,-0.0,0.0,1.7031644112832403,1.8983060564569971,1.9856960006457058,1.9917057642710996,5967.176,7432.085,9024.891,14020.097
MUS,0.00228,0.000972,33.5,1340.0,296.0,11100.0,57600.0,2.41e6,0.0553,1.54,0.686,53000.0,2.12e6,1090.0,0.0,0.0,41.37377186337433,112.1049123472197,205.859375,480.9448597174765,0.18682564022836087,0.37091869060839927,0.5774641209702325,1.0000000000000002,25641.72840294464,30688.97396652087,38053.65021461863,69628.51276645745,0.00032353990731589924,0.001230326053103968,0.0024793855609247313,0.0034547821639827813,0.04806887836955055,0.054112470369502653,0.05685765559929376,0.057047330970224006,16.082345655877873,18.741254834820328,23.319346746719347,44.60813129877814,34249.90373444587,40320.82125385945,47797.112037593775,71655.47756947688,0.0030309770061819515,0.0019513103964777202,0.0010951837950135207,-2.971586315259114e-19,-0.0,-0.0,-0.0,0.0,1.3541952406477242,1.5093534187988067,1.578837636362779,1.5836160319451493,1274.036,1244.874,1185.525,970.208
MWI,0.00212,0.00173,3.74,131.0,296.0,11100.0,516000.0,1.7e7,0.0675,2.22,0.686,8530.0,296000.0,45800.0,0.0,0.0,41.37377186337433,112.1049123472197,205.859375,480.9448597174765,0.18682564022836087,0.37091869060839927,0.5774641209702325,1.0000000000000002,1319.129614188025,2058.095429437492,3348.34659259461,12429.693414577632,0.0003000316135525568,0.0011409310028271504,0.0022992342942622893,0.0032037589295600636,0.058393669019440424,0.06603211230930475,0.0695228828482695,0.06976455965276278,0.6214579540489006,0.9354474396160722,1.492576143854392,5.423108297523072,34704.17173037016,68788.54331598447,136909.85145329242,768514.2532405168,0.0028480271898000493,0.003087111125627461,0.0029091037652373827,-2.955493729377105e-18,-0.0,-0.0,-0.0,0.0,1.9540410824262928,2.1779271553359982,2.2781896666968464,2.285084670456843,24849.443,31317.316,38142.971,57611.5679999999
MYS,0.0113,0.112,27.4,1100.0,296.0,11100.0,2.94e6,1.18e8,0.0584,1.45,0.686,67300.0,2.72e6,40200.0,0.0,0.0,41.37377186337433,112.1049123472197,205.859375,480.9448597174765,0.18682564022836087,0.37091869060839927,0.5774641209702325,1.0000000000000002,33324.66306554659,41493.316316264856,51014.239167311294,86664.83997980179,0.0007346128301905643,0.003354046761706698,0.008136407061339812,0.02008448036336789,0.05075927789885217,0.05712107548435791,0.06000952480058828,0.06020907006243349,12.73879183910608,16.077781894863982,20.20154796930372,35.84357904395174,1.2648406882986634e6,1.705630526557854e6,2.2107725528419246e6,3.903022701810908e6,0.2541497967770513,0.22502503711312258,0.16623329630546974,-9.40979069310277e-17,-0.0,-0.0,-0.0,0.0,1.2799598533131062,1.4266124429733666,1.492287617609351,1.4968040671766654,36095.052,38754.576,40550.371,41625.097
NAM,0.00573,0.0029,5.6,222.0,296.0,11100.0,121000.0,4.54e6,0.0653,2.19,0.686,24000.0,948000.0,4340.0,0.0,0.0,41.37377186337433,112.1049123472197,205.859375,480.9448597174765,0.18682564022836087,0.37091869060839927,0.5774641209702325,1.0000000000000002,10423.561651179254,12577.430782008667,16332.09424681096,32669.351216977368,0.0008126716357468132,0.0030903485581507675,0.006227752045055725,0.008677765582752368,0.05646980518815037,0.06384237562156764,0.06721054035435672,0.06744370317827776,2.56602694102362,2.9789601447710026,3.8264834629562343,7.5300785892745035,33183.236929391045,46935.905752840394,69824.99812338041,177534.33106169413,0.007376142185947404,0.005705443877092537,0.004018680970009236,-1.8493050185946234e-18,-0.0,-0.0,-0.0,0.0,1.925219832520083,2.145803683938192,2.2445873671811754,2.2513806726563925,3010.873,3496.969,3981.125,5046.749
NER,0.00136,0.0019,6.13,209.0,296.0,11100.0,1.3e6,4.12e7,0.11,2.31,0.686,9140.0,313000.0,92300.0,0.0,0.0,41.37377186337433,112.1049123472197,205.859375,480.9448597174765,0.18682564022836087,0.37091869060839927,0.5774641209702325,1.0000000000000002,1370.4252303548237,1967.7542994509765,3138.655194659075,13328.021630829828,0.00019332293463534162,0.0007351496299717458,0.001481492953085565,0.0020643160592083354,0.09512069433308157,0.10778529907319676,0.11359261213516426,0.11399513319169807,0.8957870173212067,1.259480379369532,2.0207978016867454,8.979562700367241,52306.35629747139,106336.80589675915,229599.85491217065,1.877358276513657e6,0.0027658796351300485,0.0030749362940711354,0.0031434929012773135,-4.652020702964431e-18,-0.0,-0.0,-0.0,0.0,2.0369098680555524,2.270290709088707,2.3748052459751885,2.381992659446342,34846.019,48745.862,65593.043,126182.966
NGA,0.00193,0.0631,13.0,467.0,296.0,11100.0,1.58e7,5.37e8,0.086,2.02,0.686,24400.0,888000.0,491000.0,0.0,0.0,41.37377186337433,112.1049123472197,205.859375,480.9448597174765,0.18682564022836087,0.37091869060839927,0.5774641209702325,1.0000000000000002,5700.0433575877805,7859.088529332069,11807.50851568573,36029.60888615997,0.0002737532998572735,0.0010410023904987226,0.002097855515112426,0.002923157225099021,0.07443799350673688,0.08411545669281933,0.08853528211145688,0.08884122120847336,2.9851708186816586,4.021691572484186,5.938213678795027,19.00767905524029,1.6110045126144204e6,2.8066216709279525e6,5.168900963939058e6,2.441220045589247e7,0.12062895057435875,0.11492443296544036,0.10021092471065071,-8.5659865555957e-17,-0.0,-0.0,-0.0,0.0,1.7751869496416017,1.9785806440783251,2.06966608916276,2.075929990573307,262977.344,329066.612,401314.997,620456.667000001
NIC,0.00626,0.00378,18.5,664.0,296.0,11100.0,287000.0,1.04e7,0.0682,1.73,0.686,31200.0,1.13e6,8380.0,0.0,0.0,41.37377186337433,112.1049123472197,205.859375,480.9448597174765,0.18682564022836087,0.37091869060839927,0.5774641209702325,1.0000000000000002,6860.0909722229,10107.620908877818,15397.49246977971,46179.48040055262,0.0004701427030679291,0.0020214029871518124,0.004680426196695892,0.010891359461611112,0.05917086803230087,0.06670992915548767,0.0701417948906589,0.0703790863980613,3.8020606739810505,5.538482652443455,8.391798446359495,27.50816650255687,53734.73324238508,86956.56697425425,141231.31870004567,437257.0962306831,0.00691003467944141,0.006914042699495349,0.006108825228582391,-5.716592619345083e-18,-0.0,-0.0,-0.0,0.0,1.5213788159600783,1.695692207616299,1.7737546711904773,1.7791229885461182,7391.88100000001,8048.74800000001,8531.04500000001,8749.721
NLD,6.92e-5,0.0137,57.1,2410.0,296.0,11100.0,1.49e6,6.42e7,0.00703,1.06,0.686,89000.0,3.79e6,16700.0,0.0,0.0,41.37377186337433,112.1049123472197,205.859375,480.9448597174765,0.18682564022836087,0.37091869060839927,0.5774641209702325,1.0000000000000002,63363.36872176355,69743.1800543246,76081.76182035192,102198.3733871671,0.0002305236019061861,0.00024948596196194427,0.0,0.0,0.00607040544218681,0.006873880516828964,0.0072410026192426084,0.007266415843722787,38.406206795515395,43.10771168285762,47.78492518971681,66.67020034618018,1.1126794825497991e6,1.226445777904695e6,1.3154281356158059e6,1.6757569084264566e6,0.07015859874636189,0.012035696698321633,0.0,-0.0,-0.0,-0.0,0.0,0.0,0.9310721269953609,1.0377505811913417,1.085524208138186,1.0888095770458293,17450.317,17460.761,17165.37,16278.811
NOR,0.00469,0.0125,49.5,2130.0,296.0,11100.0,555000.0,2.35e7,-0.00278,1.8,0.686,79000.0,3.46e6,6920.0,0.0,0.0,41.37377186337433,112.1049123472197,205.859375,480.9448597174765,0.18682564022836087,0.37091869060839927,0.5774641209702325,1.0000000000000002,67824.87342511756,69882.92497387964,70808.4391994463,82563.39181917574,0.0003175719907949062,0.001521967973039033,0.0037629980289367658,0.008234653858548465,-0.0027661912761621494,-0.002790490774222218,-0.0027819268961935973,-0.002780895875292931,37.90227104558103,41.069428290172226,43.18948047852868,53.82246644600532,397557.49868228985,437713.33193152177,467819.8769131467,618605.9004225484,0.03453325939439402,0.02620426947039882,0.01626874102234539,-6.1147357352636994e-18,-0.0,-0.0,-0.0,0.0,1.5802362881493606,1.7612933293779272,1.8423757898329907,1.8479517908937997,5875.922,6271.49099999999,6600.33799999999,7451.51999999999
NPL,0.0108,0.0149,10.7,394.0,296.0,11100.0,530000.0,2.02e7,0.0581,1.89,0.686,16400.0,607000.0,32000.0,0.0,0.0,41.37377186337433,112.1049123472197,205.859375,480.9448597174765,0.18682564022836087,0.37091869060839927,0.5774641209702325,1.0000000000000002,4175.431841210072,6124.4959400657135,8969.175072074428,23697.149304354403,0.0007036045018503917,0.0032124709833088252,0.007792965766417319,0.019236705677091986,0.05041441403253813,0.05688114282895302,0.05982741506116687,0.06003118756906738,2.5710049755370163,3.7401487242735545,5.570188865455465,15.708410131770625,146547.42756155255,226561.51265868923,338418.6611760337,777953.541618465,0.028203450121848307,0.02862873231460526,0.024372403306491826,-1.7963983545844937e-17,-0.0,-0.0,-0.0,0.0,1.665708223589841,1.8565582912505851,1.942026345731898,1.9479039419441788,33389.541,34889.298,35323.925,30374.079
NZL,0.00581,0.0135,46.7,1930.0,296.0,11100.0,431000.0,1.76e7,0.0193,1.53,0.686,72800.0,3.02e6,5690.0,0.0,0.0,41.37377186337433,112.1049123472197,205.859375,480.9448597174765,0.18682564022836087,0.37091869060839927,0.5774641209702325,1.0000000000000002,46356.08297110823,51533.98500921076,57360.40969338145,86492.13268303892,0.0005660401771914442,0.0024816533813589842,0.005616759796795106,0.009466231865297905,0.016722079672201788,0.018895168152771657,0.019886138910241345,0.019954694519652413,29.574167038775173,32.44273667255944,35.99158452920555,55.571606026518765,243946.21744399317,285984.201631934,329915.0383967699,527946.630775606,0.03776911220581563,0.027916433488789076,0.017124947485559018,-5.999090955252499e-18,-0.0,-0.0,-0.0,0.0,1.3473312719285355,1.5017030044849298,1.5708350294835167,1.5755892049558018,5172.961,5433.0,5607.79300000001,5927.91300000001
OMN,0.0111,0.0217,27.5,1110.0,296.0,11100.0,382000.0,1.56e7,0.0782,1.87,0.686,49200.0,2.05e6,6990.0,0.0,0.0,41.37377186337433,112.1049123472197,205.859375,480.9448597174765,0.18682564022836087,0.37091869060839927,0.5774641209702325,1.0000000000000002,31015.75528941977,35201.00082827488,39652.97975676759,59139.06176442793,0.001084508906894238,0.004669155336361072,0.010472396452942,0.01814810739941953,0.06777964927293,0.07650539626196975,0.08048419014256704,0.08075945405145014,14.041323919296142,16.800167008319004,20.11297660889494,35.23090296047648,196804.58744307913,245084.09747411805,299424.15987062553,486094.1488573224,0.05837995695081749,0.04501219832164243,0.028978386411619757,-1.0589367491558188e-17,-0.0,-0.0,-0.0,0.0,1.6455680628460276,1.8341105528732944,1.918545208869004,1.924351738773977,5936.083,6437.413,6915.451,7467.288
PAK,0.00862,0.147,15.4,565.0,296.0,11100.0,9.18e6,3.28e8,0.0682,1.96,0.686,22200.0,817000.0,354000.0,0.0,0.0,41.37377186337433,112.1049123472197,205.859375,480.9448597174765,0.18682564022836087,0.37091869060839927,0.5774641209702325,1.0000000000000002,5692.579059197201,8096.522953802094,11810.066979902102,31757.74912403139,0.0005594649649974015,0.0025543682018882167,0.006196508561654515,0.015295898249650443,0.05910764078642607,0.06672627375671705,0.07020041226740444,0.07044076502925081,3.9132578380018486,5.443824848795778,7.9651997484883035,22.192289182476593,1.58628024916308e6,2.6161039187081596e6,4.298833348613196e6,1.3792683471860358e7,0.24274385341161417,0.26285440482903183,0.24617216662751223,-2.5324567768436627e-16,-0.0,-0.0,-0.0,0.0,1.723821835450072,1.9213303241946915,2.009780207830856,2.015862862972494,262958.797,302129.186,338013.194,399523.347
PAN,0.00508,0.00828,33.5,1300.0,296.0,11100.0,458000.0,1.82e7,0.0579,1.54,0.686,70000.0,2.86e6,5970.0,0.0,0.0,41.37377186337433,112.1049123472197,205.859375,480.9448597174765,0.18682564022836087,0.37091869060839927,0.5774641209702325,1.0000000000000002,36222.418090278865,45224.56209070354,55065.46092419315,88901.18958758643,0.0003819178004004268,0.0016420754327103266,0.003802118093748986,0.008847535060749178,0.050333611869543805,0.056668371489469564,0.05954633827557951,0.059745200285873476,12.865544890020018,17.03496624137425,22.231941517812583,45.408131889334975,187545.6965830738,260498.11123614642,342789.5844981382,612785.4587001166,0.0195917140528929,0.01682575074242982,0.012044658863888533,-6.508022254644628e-18,-0.0,-0.0,-0.0,0.0,1.359309870624676,1.5150540622583943,1.5848007132229653,1.5895971562216562,4927.612,5442.241,5852.93900000001,6446.736
PER,0.00534,0.0279,14.8,595.0,296.0,11100.0,1.55e6,6.09e7,0.0369,1.96,0.686,36800.0,1.46e6,39800.0,0.0,0.0,41.37377186337433,112.1049123472197,205.859375,480.9448597174765,0.18682564022836087,0.37091869060839927,0.5774641209702325,1.0000000000000002,15848.223206724395,20632.803939647612,26401.63761396208,48965.45122705207,0.00040138866231391495,0.0017257914154906841,0.003995956967728004,0.009298598439470921,0.031914969113892196,0.03607831699874157,0.037978861558525374,0.03811038969385343,6.939817370187563,8.78897275779141,10.999913584856309,19.399231728387754,589481.5887598784,825561.1132916445,1.1108614924331997e6,2.1086147435905263e6,0.0647188477195002,0.05604208713123206,0.04102248828762356,-2.3536019647851156e-17,-0.0,-0.0,-0.0,0.0,1.7272197050191904,1.9251175078273324,2.013741737304708,2.019836382124386,36030.592,38552.118,40373.987,41096.678
PHL,0.00812,0.0949,20.6,759.0,296.0,11100.0,4.86e6,1.81e8,0.0544,1.4,0.686,30700.0,1.16e6,144000.0,0.0,0.0,41.37377186337433,112.1049123472197,205.859375,480.9448597174765,0.18682564022836087,0.37091869060839927,0.5774641209702325,1.0000000000000002,9981.357176077798,13299.641618485392,18130.93458543588,42880.923557460774,0.0005269840995918134,0.00240606921097244,0.005836757776229357,0.014407864068087757,0.047344337576988985,0.053255432582799286,0.05593759178829719,0.056122847545371835,5.7407178717759555,7.626769635292175,10.628217328230027,29.250581718897323,1.2938097824241763e6,1.9043200943373041e6,2.782486296457274e6,7.030747395719058e6,0.1864933593009727,0.18022906698123264,0.15008800653440735,-1.2159602644505253e-16,-0.0,-0.0,-0.0,0.0,1.2350468708107447,1.3765535137631548,1.4399241880184197,1.4442821582241632,123697.926,135618.864,144488.171,153010.12
PNG,0.00958,0.00603,9.16,334.0,296.0,11100.0,360000.0,1.27e7,0.0441,1.4,0.686,19500.0,719000.0,15700.0,0.0,0.0,41.37377186337433,112.1049123472197,205.859375,480.9448597174765,0.18682564022836087,0.37091869060839927,0.5774641209702325,1.0000000000000002,5265.381804268835,7547.242819737305,10576.182019722122,27169.300783606777,0.0006219694825085332,0.0028397472014571024,0.0068887945887189835,0.017004785847282596,0.038403456334433976,0.043187227987617496,0.04535687390021571,0.04550670716063288,2.247808912866292,3.272095705340513,4.668359357197655,12.901066510968406,58590.78923302573,98636.69100518146,158127.7574813305,529418.6543613512,0.009967674652503124,0.011017801487738265,0.01006682761169436,-1.080659045016708e-17,-0.0,-0.0,-0.0,0.0,1.2334688362929946,1.3747946744740658,1.4380843792424622,1.442436781216283,10709.351,12492.601,14204.06,18320.839
POL,0.000126,0.0307,40.2,1670.0,296.0,11100.0,2.03e6,8.81e7,0.00644,1.55,0.686,69500.0,2.88e6,30400.0,0.0,0.0,41.37377186337433,112.1049123472197,205.859375,480.9448597174765,0.18682564022836087,0.37091869060839927,0.5774641209702325,1.0000000000000002,40053.797172670565,47692.34503956381,56074.79524573518,86084.30864525512,0.00042910395079178397,0.00044993147556813927,0.0,0.0,0.005422290496506722,0.006269547695575955,0.006664263654590338,0.006691756560061024,24.36405472860539,28.13382365729689,32.46026111184771,49.23225106997367,1.488432830869129e6,1.6940186921939738e6,1.8794284531368655e6,2.2892942669272856e6,0.17469769858678452,0.029980670586526443,0.0,-0.0,-0.0,-0.0,0.0,0.0,1.3669280160948694,1.523545063825379,1.593682604420482,1.5985059287074597,36944.572,35282.532,33294.573,26416.855
PRT,9.98e-5,0.00622,41.7,1710.0,296.0,11100.0,555000.0,2.37e7,0.0211,1.21,0.686,66800.0,2.75e6,8450.0,0.0,0.0,41.37377186337433,112.1049123472197,205.859375,480.9448597174765,0.18682564022836087,0.37091869060839927,0.5774641209702325,1.0000000000000002,39344.02360029697,44908.63797699562,51530.70905325615,82671.56923518113,0.00033359142462490056,0.00036004251371637806,0.0,0.0,0.018361968195290543,0.020648713634074212,0.021685450873691087,0.02175703645006876,24.883999515990535,27.922121060120904,31.74635075734424,51.380733689812,397298.6256647756,438270.39545471757,478286.51146987575,637989.6645016045,0.03625161596268915,0.00620687057227586,0.0,-0.0,-0.0,-0.0,0.0,0.0,1.0686779223828,1.1911226884623858,1.2459569154894599,1.2497278384036832,9912.683,9558.276,9084.579,7552.83200000001
PRY,0.00496,0.00691,22.7,854.0,296.0,11100.0,531000.0,1.99e7,0.0526,1.63,0.686,55000.0,2.08e6,8960.0,0.0,0.0,41.37377186337433,112.1049123472197,205.859375,480.9448597174765,0.18682564022836087,0.37091869060839927,0.5774641209702325,1.0000000000000002,16605.23490043325,23510.84135739461,32795.89489250081,77502.12826756298,0.00037253707930680146,0.0016017425348124037,0.0037087299108334733,0.008630220605429367,0.045670275510391975,0.051438253977077734,0.05405992078604401,0.05424109966568612,6.765701451005176,9.527113736954464,13.367488527643474,32.01930540867973,138091.53034211745,213276.5544245229,315804.04286484164,770468.6939957237,0.014071227274299646,0.013437317938751837,0.010823910111784433,-7.981695955308585e-18,-0.0,-0.0,-0.0,0.0,1.4352904352132934,1.599740170643504,1.6733854101734755,1.678449957196814,7949.969,8613.80400000001,9101.631,9348.396
PSE,0.00266,0.00213,20.4,756.0,296.0,11100.0,354000.0,1.25e7,0.0431,1.71,0.686,30900.0,1.15e6,9730.0,0.0,0.0,41.37377186337433,112.1049123472197,205.859375,480.9448597174765,0.18682564022836087,0.37091869060839927,0.5774641209702325,1.0000000000000002,7888.675988137684,11066.621019182581,16609.012953243382,45806.16516638876,0.0002607102945598806,0.0011224406322070393,0.002517509581192047,0.0043627105279905485,0.037436506794925134,0.042195083311586515,0.04435967108122277,0.04450929995093415,5.338571623302173,7.219690507568161,10.769079095951632,30.40785868311257,51914.206703664604,87744.81193517988,153302.4980133003,554353.2202730576,0.003702029132948364,0.003874017656745224,0.003566659483378385,-2.903095072583215e-18,-0.0,-0.0,-0.0,0.0,1.5064188016842455,1.6790181358024687,1.756312995965041,1.7616285256103263,6341.724,7599.231,8815.77700000001,11535.9
PYF,0.00698,0.000253,16.6,677.0,296.0,11100.0,8380.0,354000.0,0.0393,1.12,0.686,27500.0,1.15e6,295.0,0.0,0.0,41.37377186337433,112.1049123472197,205.859375,480.9448597174765,0.18682564022836087,0.37091869060839927,0.5774641209702325,1.0000000000000002,18217.77727625318,19681.254810490365,21623.889949280696,32118.92879281553,0.0004532502467967937,0.0020694200537134506,0.005020098148346785,0.012391963912637336,0.03427736737484272,0.038478855417787464,0.04037974887634402,0.04051091603624918,10.03020772635153,10.932304673118939,12.237739611813264,19.98760410613066,5592.931828190829,6298.322427543693,7023.994456298441,9756.010067634485,0.0006933827048993234,0.0005126846461814934,0.0003258649519490328,-1.4512113483124886e-19,-0.0,-0.0,-0.0,0.0,0.9873046398956659,1.100425986514083,1.1510849227894882,1.1545687130053468,296.695,307.521,310.651,288.303
QAT,0.00505,0.0159,45.2,1870.0,296.0,11100.0,453000.0,1.98e7,0.0772,1.88,0.686,107000.0,4.81e6,3890.0,0.0,0.0,41.37377186337433,112.1049123472197,205.859375,480.9448597174765,0.18682564022836087,0.37091869060839927,0.5774641209702325,1.0000000000000002,100764.99447216614,101585.11786613005,101569.9747424954,109538.90596792166,0.0004950250282916691,0.002131239990549696,0.004780134416088061,0.008283719314546861,0.06691127575075084,0.0755266243281777,0.07945512731030795,0.0797269129149517,25.679462214566037,31.657454076139125,36.85344622509479,55.48052703071514,357841.9162747747,397308.24364532955,424265.84000500274,492484.0195495746,0.04845223310001134,0.03330709083620291,0.018742152157657656,-4.897064268245531e-18,-0.0,-0.0,-0.0,0.0,1.6564438109844708,1.8462323999615344,1.931225094286681,1.9370700002140322,3326.888,3628.689,3851.121,4129.498
ROU,0.000112,0.0116,47.1,1920.0,296.0,11100.0,1.01e6,4.29e7,0.0138,1.9,0.686,69500.0,2.83e6,15100.0,0.0,0.0,41.37377186337433,112.1049123472197,205.859375,480.9448597174765,0.18682564022836087,0.37091869060839927,0.5774641209702325,1.0000000000000002,35505.09127932834,43754.20721734149,53525.52910604827,89098.36353136358,0.000389767576158632,0.0003983295357038288,0.0,0.0,0.011772560855818705,0.013477069282905235,0.014264825537916965,0.014319557234911792,24.95756711021823,30.213935351055824,36.49772809520326,59.835431399306415,657867.570260185,767747.8862803464,882728.4125864092,1.198028398112595e6,0.07013577760264476,0.012029232199067267,0.0,-0.0,-0.0,-0.0,0.0,0.0,1.6737042734880463,1.8654704959966075,1.9513488305129572,1.9572546414821377,18306.092,17306.604,16259.784,13256.308
RUS,0.0108,0.441,31.5,1330.0,296.0,11100.0,8.36e6,3.52e8,-0.00776,2.18,0.686,63400.0,2.64e6,133000.0,0.0,0.0,41.37377186337433,112.1049123472197,205.859375,480.9448597174765,0.18682564022836087,0.37091869060839927,0.5774641209702325,1.0000000000000002,36647.851983845765,44575.18687186425,52534.992294137184,77942.94264500163,0.0008329831782701935,0.0037451681968136102,0.00883583004146978,0.018615321041486083,-0.007304279966879698,-0.007710298853200893,-0.0078637504666201,-0.007873658879179188,19.87070848865943,23.530361881730247,27.117869200177495,37.90149091394888,5.219353962220478e6,6.172674564853671e6,7.142536470850905e6,1.0018936659637915e7,1.1891822313967628,0.9093299096614977,0.5832316784396918,-2.23877499454095e-16,-0.0,-0.0,-0.0,0.0,1.9150350948728423,2.1344520205103406,2.2327131214067966,2.239470489150201,143347.514,139031.166,135824.486,127150.223
RWA,0.0011,0.00105,4.93,178.0,296.0,11100.0,425000.0,1.46e7,0.051,1.85,0.686,13600.0,488000.0,25800.0,0.0,0.0,41.37377186337433,112.1049123472197,205.859375,480.9448597174765,0.18682564022836087,0.37091869060839927,0.5774641209702325,1.0000000000000002,2708.388839468865,4076.9678349103806,6361.084489599384,20042.207459222525,0.00015653121641008146,0.0005952416666959794,0.0011995467298635415,0.001671451472699063,0.04424727319975701,0.04991270788157492,0.052492906933171345,0.052671336962425305,1.0544283683147642,1.5332699619219787,2.3542236680003525,7.21760225392514,45921.73903306726,84092.03124390825,154491.60144421118,654263.4213533781,0.0019661412559517587,0.0019689057878698748,0.0017126291464118785,-1.3126976224343404e-18,-0.0,-0.0,-0.0,0.0,1.631160696030011,1.818052448615564,1.9017478577284614,1.9075035499876647,16234.39,19633.864,23048.001,30959.061
SAU,0.00889,0.187,42.2,1740.0,296.0,11100.0,3.57e6,1.5e8,0.0823,2.02,0.686,75100.0,3.19e6,43300.0,0.0,0.0,41.37377186337433,112.1049123472197,205.859375,480.9448597174765,0.18682564022836087,0.37091869060839927,0.5774641209702325,1.0000000000000002,52735.19087621183,57649.28462410797,63030.17430663247,87380.49919419258,0.0008710291467778786,0.0037500571576223837,0.00841096139380561,0.014575749819352349,0.07122547503796059,0.08047322007221383,0.08469573922519441,0.08498799613144431,24.742450014552507,28.205086522595284,32.5121492598205,52.313101294516386,2.2233056532291416e6,2.6555400417750003e6,3.0725157397965123e6,4.253806640767261e6,0.5296967275403042,0.39171257174604146,0.2388256896673356,-7.442638691226146e-17,-0.0,-0.0,-0.0,0.0,1.7788646242585877,1.9826796916822158,2.073953839499865,2.0802307179048776,39322.336,42473.029,44562.4840000001,44214.176
SDN,0.00105,0.0114,20.5,800.0,296.0,11100.0,3.95e6,1.44e8,0.0953,2.11,0.686,32700.0,1.29e6,97300.0,0.0,0.0,41.37377186337433,112.1049123472197,205.859375,480.9448597174765,0.18682564022836087,0.37091869060839927,0.5774641209702325,1.0000000000000002,13355.748926872075,17282.53480934479,22691.86517412705,44268.2359498656,0.00010256318998642796,0.0004415671118928353,0.0009903859527462873,0.00171628630734914,0.08238147890063043,0.09317780465371232,0.09811530144103958,0.098457228707724,8.173152901031063,10.268556883746163,13.478047910595867,28.240950207454148,798827.8184792054,1.2837578504123946e6,2.0251915233877297e6,5.889673804425085e6,0.022409910923290106,0.022297521968764757,0.018535822305412522,-1.2133867998711044e-17,-0.0,-0.0,-0.0,0.0,1.8541031382569273,2.0665387283410794,2.1616733898564062,2.1682157538960762,55253.531,67919.2769999999,81192.8209999999,120912.127
SEN,0.00456,0.00887,11.2,395.0,296.0,11100.0,1.06e6,3.54e7,0.0813,1.89,0.686,19100.0,684000.0,41200.0,0.0,0.0,41.37377186337433,112.1049123472197,205.859375,480.9448597174765,0.18682564022836087,0.37091869060839927,0.5774641209702325,1.0000000000000002,3919.133123650482,5680.7471867324,8711.468581182824,28097.765582057462,0.0006463676979515029,0.002457944138242296,0.004953313953274908,0.006901960295355891,0.07046877937570506,0.07956187675933339,0.0837098101155147,0.08399681350913943,2.1640335099310755,3.037083013443296,4.653530053190284,16.552368327476103,90473.53149656151,166532.30899317475,314866.86069383734,1.6044857448568828e6,0.015995455687616324,0.016100793524701246,0.01441332217266183,-1.329311021573841e-17,-0.0,-0.0,-0.0,0.0,1.6656510315935245,1.856494546428142,1.9419596663687064,1.9478370607740583,21551.461,27087.986,33186.85,52315.237
SGP,0.0133,0.0511,36.6,1590.0,296.0,11100.0,695000.0,3.15e7,0.0548,1.37,0.686,106000.0,4.78e6,6130.0,0.0,0.0,41.37377186337433,112.1049123472197,205.859375,480.9448597174765,0.18682564022836087,0.37091869060839927,0.5774641209702325,1.0000000000000002,96590.39626519664,101647.67869121418,103900.95033124123,109151.99208103147,0.0008606815860556803,0.003929643164307094,0.009532716346013164,0.023531228565342958,0.0477349695754356,0.05368754696040032,0.05638804125098109,0.056574552313839635,26.21309535218283,30.60210445193568,34.040113719830394,41.25745208277138,634314.5143073488,693066.9167311013,710057.262645992,698615.6901849136,0.1493284613647069,0.10712850705854429,0.06255345887743792,-1.9733368389907014e-17,-0.0,-0.0,-0.0,0.0,1.2092567162427483,1.3478084282687353,1.4098558009370339,1.4141227683412925,6262.46500000001,6445.48900000001,6407.52800000001,5915.13800000001
SLB,0.0051,0.000244,9.13,331.0,296.0,11100.0,32600.0,1.12e6,0.0539,1.29,0.686,16200.0,601000.0,1590.0,0.0,0.0,41.37377186337433,112.1049123472197,205.859375,480.9448597174765,0.18682564022836087,0.37091869060839927,0.5774641209702325,1.0000000000000002,4507.701543577817,6376.671903115324,8919.445487948946,22692.96302068388,0.0003308154541789577,0.0015104153605969995,0.003664037826134581,0.009044569084959124,0.04698772267509053,0.052822851162832994,0.0554683799703881,0.05565105632916059,2.1551515889877604,3.131594924464533,4.464462848998791,12.972130284821285,4081.8512649074064,7178.54400484995,12190.991447460534,48274.58750227726,0.0003693502481772589,0.0004264906644418664,0.00041280054283704404,-5.241127657754806e-19,-0.0,-0.0,-0.0,0.0,1.1358639186857746,1.2660065827277318,1.3242881460356033,1.328296140576055,864.602999999999,1067.654,1290.214,1996.922
SLE,0.0011,0.000452,7.49,264.0,296.0,11100.0,192000.0,6.55e6,0.0805,1.91,0.686,11300.0,399000.0,14000.0,0.0,0.0,41.37377186337433,112.1049123472197,205.859375,480.9448597174765,0.18682564022836087,0.37091869060839927,0.5774641209702325,1.0000000000000002,1905.9287761486755,2908.055943712947,4782.889826933424,16763.75584333852,0.0001553366197480741,0.0005906989708399668,0.0011903921691804973,0.0016586954844956456,0.06970933246504911,0.07870631573109711,0.08281049372806613,0.08309447148350158,1.291391720772675,1.8974904920469833,3.100997255080267,11.141514216792292,19674.684516661437,35589.72488124862,67120.93271539187,294715.60527101497,0.0008359437542397004,0.0008269278402253955,0.0007383959886764557,-5.867972648662847e-19,-0.0,-0.0,-0.0,0.0,1.6771743564925987,1.8693381669861553,1.9553945526396053,1.961312608098208,9648.679,11338.668,12944.875,16204.831
SLV,0.00439,0.0023,14.8,567.0,296.0,11100.0,149000.0,5.9e6,0.0615,1.89,0.686,23100.0,889000.0,6350.0,0.0,0.0,41.37377186337433,112.1049123472197,205.859375,480.9448597174765,0.18682564022836087,0.37091869060839927,0.5774641209702325,1.0000000000000002,8921.597610759496,10756.268470707182,14094.563368596542,32017.992517313276,0.00032942883354356495,0.0014163963916349134,0.0032795730581433565,0.007631571903018164,0.0533044318809186,0.06014062412282596,0.06325530776894069,0.06347073051884895,5.780555806713935,6.6993188991173716,8.719391850666463,20.611338778107402,63720.49346241047,79153.05040459949,104297.64430120496,206062.2339530473,0.005741642774597964,0.004409905029034811,0.003161062582467621,-1.887690065419023e-18,-0.0,-0.0,-0.0,0.0,1.6599330784346158,1.8501214534723562,1.9352931832950202,1.9411504014057768,6778.59200000001,6931.496,6936.792,6005.535
SRB,0.0147,0.0137,20.8,858.0,296.0,11100.0,184000.0,7.97e6,0.0185,2.01,0.686,30300.0,1.23e6,6330.0,0.0,0.0,41.37377186337433,112.1049123472197,205.859375,480.9448597174765,0.18682564022836087,0.37091869060839927,0.5774641209702325,1.0000000000000002,16221.267494368103,19109.58404649813,22744.674560931777,38488.91239352197,0.0009939595255587556,0.004763564194093161,0.01177770031342611,0.025773408485729385,0.015846392072859764,0.01807626309219563,0.019103569197994368,0.019174873224749058,12.379020574717755,13.942222349106409,16.066659759581693,25.90345923676612,136088.52556224287,150130.81247811468,166154.27905929074,211917.09378626046,0.036998629620361545,0.028130576054900526,0.018084783515252115,-6.556259464547896e-18,-0.0,-0.0,-0.0,0.0,1.7717867283230198,1.9747908392423403,2.065701817816501,2.0719537212506554,8250.434,7680.059,7083.83,5263.1
STP,0.00271,6.33e-5,9.66,367.0,296.0,11100.0,8370.0,296000.0,0.0632,1.61,0.686,14100.0,538000.0,478.0,0.0,0.0,41.37377186337433,112.1049123472197,205.859375,480.9448597174765,0.18682564022836087,0.37091869060839927,0.5774641209702325,1.0000000000000002,4461.771094674963,6036.072082634972,8601.777795182792,20298.48353875589,0.00038392684497758924,0.001459959619141314,0.0029421491889079377,0.004099598183440466,0.05487791203888901,0.06181994523569009,0.06497642025898681,0.06519458704102513,3.058937260263654,4.030352688344418,5.742038912846752,13.963805041388134,1262.9990742644475,2107.0634904431445,3621.460135080281,12960.351376728247,0.00013263157960805545,0.00012100274831800856,9.846676827402292e-5,-6.377880153887278e-20,-0.0,-0.0,-0.0,0.0,1.4207756515952745,1.5835623422038598,1.656462823258439,1.6614761536064875,268.242,328.275000000001,394.163000000001,596.953000000001
SUR,0.0093,0.00102,15.1,582.0,296.0,11100.0,33100.0,1.3e6,0.0623,1.46,0.686,46800.0,1.83e6,659.0,0.0,0.0,41.37377186337433,112.1049123472197,205.859375,480.9448597174765,0.18682564022836087,0.37091869060839927,0.5774641209702325,1.0000000000000002,18708.778949875148,24432.19540758223,31880.34324192597,63302.2138968914,0.0006984220204153241,0.003002901776731726,0.006953022346980561,0.016179694443006,0.05415847670277044,0.06095861094538971,0.06404704277859849,0.06426042603575476,5.186639839178989,7.097353392604372,9.713381744738575,21.040405215227967,12480.901346146535,17257.665371461586,23236.588072966944,45471.921802955636,0.0023842912438423866,0.0020384494172625005,0.0014930944079796118,-8.831447896620413e-19,-0.0,-0.0,-0.0,0.0,1.2839384212930345,1.4310468590768792,1.4969261753866874,1.5014566636768454,632.399,663.766,680.234000000001,664.037000000001
SVK,0.000129,0.00444,33.1,1460.0,296.0,11100.0,318000.0,1.35e7,0.00795,1.83,0.686,70500.0,2.88e6,4650.0,0.0,0.0,41.37377186337433,112.1049123472197,205.859375,480.9448597174765,0.18682564022836087,0.37091869060839927,0.5774641209702325,1.0000000000000002,38047.20537862761,45388.484638849346,54538.704880378034,89978.08022147651,0.0004460313710400567,0.00046143517737786587,0.0,0.0,0.00665597556687623,0.007732560741376025,0.008236008657923208,0.008271116820837475,26.244366835132578,28.521775806962925,31.183118979676404,37.65203698022402,207045.21188029,238720.9012370493,274040.2137280058,378089.53756283066,0.02525957427012519,0.004332892495096568,0.0,-0.0,-0.0,-0.0,0.0,0.0,1.6077504435985233,1.791959944756587,1.8744541658691494,1.880127253018363,5403.406,5216.738,4983.647,4167.548
SVN,0.000142,0.00222,52.4,2190.0,296.0,11100.0,137000.0,5.84e6,0.0115,1.9,0.686,74700.0,3.11e6,1850.0,0.0,0.0,41.37377186337433,112.1049123472197,205.859375,480.9448597174765,0.18682564022836087,0.37091869060839927,0.5774641209702325,1.0000000000000002,45643.41113998015,52383.715841408106,60262.48791649247,91656.46920849856,0.00048052635934656547,0.0005109794075128011,0.0,0.0,0.009736495591001967,0.011200458995155585,0.011879890771682517,0.011927158963325912,33.45285896226561,37.61041281274038,42.62650374241159,63.55143595124892,94811.37684840054,106287.58258639823,118273.58208303066,159561.61737289556,0.012461579692774526,0.0021363022433122086,0.0,-0.0,-0.0,-0.0,0.0,0.0,1.6733517084393426,1.86507753547981,1.95093777976381,1.9568423466765794,2056.201,2005.52,1939.598,1720.347
SWE,4.75e-5,0.00593,60.0,2550.0,296.0,11100.0,1.08e6,4.51e7,-0.000822,1.29,0.686,90700.0,3.86e6,11800.0,0.0,0.0,41.37377186337433,112.1049123472197,205.859375,480.9448597174765,0.18682564022836087,0.37091869060839927,0.5774641209702325,1.0000000000000002,62938.32337476761,69938.30834757592,77157.21079774052,105933.97858811653,0.00016382231399867967,0.00016994197636022726,0.0,0.0,-0.0008878871153810426,-0.0008389647296008062,-0.0008070177108982632,-0.00080459247946778,41.592260665583105,46.12164971042678,50.84542466101136,70.16602743874653,668548.1757535316,769396.4951697831,878049.577027619,1.3104301135630403e6,0.02995719828240389,0.005143131598510314,0.0,-0.0,-0.0,-0.0,0.0,0.0,1.133040325383999,1.2628594735994394,1.3209961573763513,1.3249941886224754,10629.973,11008.44,11389.198,12380.214
SWZ,0.00172,0.000382,12.0,449.0,296.0,11100.0,69600.0,2.5e6,0.0611,2.18,0.686,33100.0,1.23e6,1810.0,0.0,0.0,41.37377186337433,112.1049123472197,205.859375,480.9448597174765,0.18682564022836087,0.37091869060839927,0.5774641209702325,1.0000000000000002,9698.397646894284,12583.92569328771,17743.40760939117,47527.189656043905,0.00024404992122516045,0.0009280492747626211,0.001870229412656896,0.0026059824334030575,0.05281680724298639,0.05971220725676206,0.06286209287038268,0.06308013785610886,3.82621100442112,4.765777692090855,6.584326923349615,17.03042082954083,13254.976129881865,20120.016670206693,32203.687117465422,105012.2209924715,0.0008848161716674955,0.0007344735161570507,0.0005565981594491923,-3.2849564305041517e-19,-0.0,-0.0,-0.0,0.0,1.9186222764781888,2.138450206781688,2.236895367184208,2.2436653926096226,1297.837,1507.374,1704.428,2072.996
SYR,0.00701,0.019,13.6,504.0,296.0,11100.0,865000.0,3.22e7,0.0435,1.88,0.686,23400.0,889000.0,33500.0,0.0,0.0,41.37377186337433,112.1049123472197,205.859375,480.9448597174765,0.18682564022836087,0.37091869060839927,0.5774641209702325,1.0000000000000002,7289.8834329233,10497.767792189921,14530.600444934707,32671.49402502222,0.0006871405578742349,0.0029583583705334107,0.006635269009972719,0.011498569134402491,0.03769138870578369,0.042540312253967004,0.044749832308518714,0.04490265431591275,3.4362762570901753,5.138356727617857,7.466117885650833,19.739779307661205,201937.6400035364,330987.0892706229,506290.4341485018,1.2579475066971036e6,0.03795406433329064,0.03851577179316712,0.031045563100989527,-1.7362993610817792e-17,-0.0,-0.0,-0.0,0.0,1.6515522495302384,1.8407803833079541,1.9255220899541374,1.9313497355818345,26676.568,30153.278,33129.325,36424.617
TCD,0.00133,0.00136,5.59,195.0,296.0,11100.0,617000.0,2.04e7,0.0915,2.04,0.686,11000.0,385000.0,41500.0,0.0,0.0,41.37377186337433,112.1049123472197,205.859375,480.9448597174765,0.18682564022836087,0.37091869060839927,0.5774641209702325,1.0000000000000002,1861.509359301716,2808.2909357712647,4536.06514835877,16195.929474549645,0.00018893369608275555,0.0007184586610296599,0.0014478568715863191,0.002017447457462294,0.0791301107714255,0.0894525009504657,0.09416965527724949,0.09449624030523195,0.9420947055789278,1.3889907615497443,2.2095702850134886,8.20561872741157,43580.09533732303,84634.14314338283,169149.94803394552,937530.2355338339,0.002252127773945143,0.002391796107879134,0.002263282601891153,-2.270417896768922e-18,-0.0,-0.0,-0.0,0.0,1.7948559983376036,2.0005032923071218,2.0925979629580382,2.0989312683160937,21690.376,27642.866,34031.31,52782.2719999999
TGO,0.00645,0.00429,7.51,260.0,296.0,11100.0,425000.0,1.39e7,0.0878,2.04,0.686,17000.0,588000.0,18500.0,0.0,0.0,41.37377186337433,112.1049123472197,205.859375,480.9448597174765,0.18682564022836087,0.37091869060839927,0.5774641209702325,1.0000000000000002,2685.467689942817,3972.902965855375,6328.689979488628,24771.969954293123,0.0009142926564049922,0.0034767830796167696,0.0070065051002709995,0.009762882076010232,0.07596313163213744,0.08585719338244749,0.09037733131944478,0.0906902462152285,1.2407832435978758,1.7803278356412255,2.7953587833581968,10.89329555259673,30141.320099886965,55626.71740933332,107127.75126530239,628034.0200392295,0.007537770847553633,0.007607427051224833,0.006936569081239362,-7.360028555773065e-18,-0.0,-0.0,-0.0,0.0,1.7969893038290965,2.0028810232577836,2.0950851545377525,2.101425987449613,10421.919,12849.617,15415.505,23017.619
THA,0.00921,0.123,42.5,1620.0,296.0,11100.0,3.75e6,1.52e8,0.0729,1.69,0.686,61500.0,2.4e6,60000.0,0.0,0.0,41.37377186337433,112.1049123472197,205.859375,480.9448597174765,0.18682564022836087,0.37091869060839927,0.5774641209702325,1.0000000000000002,23073.623626360917,31485.760558868555,42103.17317466237,84047.0593566381,0.0005981264319958162,0.002730886175519613,0.006624714305088178,0.01635291147190417,0.0633014163658144,0.07136835331758115,0.07504082094593954,0.07529475620990161,12.61966907342088,18.354412904687777,26.425693718942384,60.67686786492749,1.7269057025635133e6,2.334220778785493e6,3.004544420723938e6,4.8900909517796645e6,0.28252510714741597,0.2507392360273969,0.1839446104728724,-9.599095411476212e-17,-0.0,-0.0,-0.0,0.0,1.4883903176243984,1.6589240214275913,1.7352938339521553,1.7405457485248113,70345.543,69008.295,65940.494,53223.839
TJK,0.0136,0.00966,11.3,429.0,296.0,11100.0,364000.0,1.29e7,0.0193,1.92,0.686,16500.0,620000.0,18600.0,0.0,0.0,41.37377186337433,112.1049123472197,205.859375,480.9448597174765,0.18682564022836087,0.37091869060839927,0.5774641209702325,1.0000000000000002,4846.45540825571,6711.002326194409,9332.08004457682,23961.292553812982,0.001046190170047959,0.004703766240297009,0.011097413218831757,0.023380023023193086,0.01659093375483701,0.018875584243407073,0.019925331905621256,0.019998131464678492,3.8426563816142925,5.022421370135131,6.690185636064701,16.037531484233742,57001.18378498093,95121.06069289053,156001.70335449534,562915.6586857437,0.016311351250427937,0.017599453563165893,0.01599898320629505,-1.5798161536221377e-17,-0.0,-0.0,-0.0,0.0,1.690695968528389,1.884409030286583,1.9711592144443468,1.9771249820860077,11557.365,13845.878,16208.246,22493.6180000001
TKM,0.0127,0.0341,30.9,1280.0,296.0,11100.0,627000.0,2.59e7,0.0354,1.93,0.686,73100.0,3.08e6,8010.0,0.0,0.0,41.37377186337433,112.1049123472197,205.859375,480.9448597174765,0.18682564022836087,0.37091869060839927,0.5774641209702325,1.0000000000000002,40955.92966718377,54775.43083852741,66378.57805756811,88206.85937973905,0.0009797446058279454,0.0044050209349561446,0.010392595009084947,0.021895112472770158,0.030607995027399804,0.0345966347581019,0.03641708338853009,0.036543060443368136,14.434931666950646,21.209625932583855,27.3294168151548,39.06464703903764,286560.83890488214,421702.134657897,552620.6984321655,799523.4010020418,0.0767936218272509,0.07306855936107967,0.05307529730061757,-2.1013415405575994e-17,-0.0,-0.0,-0.0,0.0,1.696085608960048,1.890416193779293,1.977442922217456,1.9834277076737246,6782.36,7408.523,7949.276,8553.16600000001
TLS,0.00804,0.00061,11.7,420.0,296.0,11100.0,44300.0,1.57e6,0.0547,1.41,0.686,18100.0,658000.0,2120.0,0.0,0.0,41.37377186337433,112.1049123472197,205.859375,480.9448597174765,0.18682564022836087,0.37091869060839927,0.5774641209702325,1.0000000000000002,3906.0677362575966,6098.665270518079,9169.252485851099,26156.83488293342,0.0005221642409165052,0.00238406301843479,0.00578337410179739,0.014276088045480957,0.047564148064626985,0.05350558362619854,0.05620171489261631,0.05638794039831208,2.2458707613207376,3.5533003792468993,5.514475780100958,17.203773048462587,6444.1885074688935,11652.370452788535,19669.80156475201,67148.40947990236,0.0009203876717090114,0.0010927197254534244,0.0010512900381474638,-1.1507029697291607e-18,-0.0,-0.0,-0.0,0.0,1.2424018602224944,1.3847512079217486,1.4484992691808418,1.4528831921058525,1574.059,1809.281,2019.297,2395.424
TON,0.0127,7.68e-5,10.7,403.0,296.0,11100.0,2450.0,91700.0,0.0454,1.32,0.686,16500.0,627000.0,136.0,0.0,0.0,41.37377186337433,112.1049123472197,205.859375,480.9448597174765,0.18682564022836087,0.37091869060839927,0.5774641209702325,1.0000000000000002,5743.531806107806,7529.158490860651,9964.362490575975,22379.8586014673,0.000824985383464068,0.0037666637991405952,0.009137353206556332,0.022555286340358863,0.03956571442105464,0.04447333300529924,0.046697773135251086,0.04685135920488678,3.446411956697867,4.525455986525142,6.133106190697656,14.860691653224121,690.8875275303441,992.9059811009806,1412.2854731156388,3499.0205386176435,0.00015590104863434323,0.00014710985030594998,0.00011925708496650126,-9.473558093133651e-20,-0.0,-0.0,-0.0,0.0,1.1636272942938803,1.296950972896646,1.3566570844329848,1.3607630444568288,115.616,125.784,134.173,145.981
TUN,0.0055,0.0103,18.3,730.0,296.0,11100.0,409000.0,1.64e7,0.0436,1.75,0.686,28800.0,1.15e6,13500.0,0.0,0.0,41.37377186337433,112.1049123472197,205.859375,480.9448597174765,0.18682564022836087,0.37091869060839927,0.5774641209702325,1.0000000000000002,12819.856428341762,16489.474839562346,21415.763141765743,38474.36564991252,0.0005383840184731433,0.0023179142161812998,0.005198823955743358,0.009009286071575357,0.03781595560887142,0.04263363345437713,0.04482583958026377,0.044977394327307914,8.05793794701442,10.101997427667229,13.178536232059749,24.763237377432944,169802.41417946378,230107.66414321997,310322.4837642981,552327.9809284671,0.02500526434362377,0.020979986845308978,0.014909381881927992,-5.973181460213169e-18,-0.0,-0.0,-0.0,0.0,1.5365705845938022,1.7126245872589452,1.7914665456395167,1.7968884684709034,12755.764,13353.18,13796.6,13614.079
TUR,0.00689,0.161,29.8,1220.0,296.0,11100.0,5.92e6,2.42e8,0.0234,1.84,0.686,61600.0,2.5e6,93500.0,0.0,0.0,41.37377186337433,112.1049123472197,205.859375,480.9448597174765,0.18682564022836087,0.37091869060839927,0.5774641209702325,1.0000000000000002,32199.037935637072,39054.608031459684,47006.06652048475,78285.40969924172,0.0004664861929716666,0.002235641259768085,0.0055275234452658575,0.012096004812321546,0.02018245849789818,0.022868003426510613,0.02409670726053137,0.02418180088599293,16.248605902580366,19.574719695816317,23.375256590914095,37.62030792774113,2.9301014522988214e6,3.7687667702951627e6,4.702169357776394e6,7.620666843049384e6,0.37386678343084745,0.33141956788590515,0.24019841925624316,-1.1065045719518298e-16,-0.0,-0.0,-0.0,0.0,1.6161957049725497,1.8013728298007254,1.8843003801416618,1.890003267129503,89157.785,94131.585,97139.5649999999,93896.593
TWN,0.00529,0.0684,49.5,2070.0,296.0,11100.0,1.7e6,7.55e7,0.0358,1.31,0.686,82100.0,3.5e6,20500.0,0.0,0.0,41.37377186337433,112.1049123472197,205.859375,480.9448597174765,0.18682564022836087,0.37091869060839927,0.5774641209702325,1.0000000000000002,55338.75525049446,63315.11344646945,71578.69054912668,96848.84845177151,0.0005701128342544671,0.0023176140486123173,0.004998662250856969,0.00859814007631017,0.03120526853210622,0.035071991506625884,0.036824176239362134,0.036945144478114235,29.583218301137567,34.62373624915777,40.728701690438186,61.181181532149665,1.3709987948873155e6,1.549792381223649e6,1.6717247956176116e6,1.8316797709735224e6,0.21379292085854487,0.14128348693154083,0.07722534588009422,-1.8904811495980052e-17,-0.0,-0.0,-0.0,0.0,1.1503811451474906,1.2821871339021598,1.3412135810285633,1.345272800864091,24011.257,23593.256,22412.979,18082.107
TZA,0.00249,0.0145,9.03,321.0,296.0,11100.0,3.44e6,1.14e8,0.0591,1.82,0.686,14900.0,537000.0,170000.0,0.0,0.0,41.37377186337433,112.1049123472197,205.859375,480.9448597174765,0.18682564022836087,0.37091869060839927,0.5774641209702325,1.0000000000000002,3014.1519278226906,4558.798133116578,7064.585300597758,22042.421103934023,0.0003530610454373902,0.001342586162372925,0.002705615098442103,0.003770010978532136,0.051289663632940165,0.0578397993535199,0.06082217489456035,0.06102840133976666,1.7019693217048935,2.520053337599615,3.9304234676316203,13.473775054217922,250935.217971257,495386.3982750304,972290.4319515288,5.231267279258654e6,0.024232981463434927,0.0261615224246662,0.024311027266691855,-2.3673791086545752e-17,-0.0,-0.0,-0.0,0.0,1.5980697576739573,1.7811700852459509,1.863167587077009,1.8688065150847135,79162.7229999999,102586.531,129386.845,222833.364
UGA,0.00143,0.00491,7.65,268.0,296.0,11100.0,1.83e6,6.18e7,0.0561,1.73,0.686,14300.0,505000.0,102000.0,0.0,0.0,41.37377186337433,112.1049123472197,205.859375,480.9448597174765,0.18682564022836087,0.37091869060839927,0.5774641209702325,1.0000000000000002,2456.26574892799,3710.0232026240983,6015.4211052381315,21290.694009577743,0.00020231327460148763,0.0007693372193123443,0.0015503886861801006,0.002160315549412975,0.04871921570605965,0.05491062875896595,0.057727494234328054,0.057922225874220946,1.294900315267364,1.914924916718757,3.0540408427960304,11.312312987474689,153139.0921388471,291620.5682572437,570005.4063551232,2.836144568839182e6,0.008474339864544373,0.008824938020459576,0.008166967925699285,-7.354681030744823e-18,-0.0,-0.0,-0.0,0.0,1.526443583990042,1.7013372761499856,1.7796596146913342,1.7850458035210826,59437.922,74454.6129999999,89446.9009999999,125645.106
UKR,0.0148,0.0906,32.3,1280.0,296.0,11100.0,1.36e6,5.63e7,0.00909,1.89,0.686,44400.0,1.75e6,32300.0,0.0,0.0,41.37377186337433,112.1049123472197,205.859375,480.9448597174765,0.18682564022836087,0.37091869060839927,0.5774641209702325,1.0000000000000002,18277.37553232799,24170.575691189053,30828.191203192968,59650.29455719187,0.001139985711082235,0.005125479531091161,0.012092345026395513,0.02547614471467648,0.00763131791182202,0.008843703269477888,0.009409655039493817,0.009449100275816913,14.529182755923195,18.512251440284384,22.998797996020716,42.71217639337414,753783.3418645086,931439.4482531341,1.1093708127196373e6,1.699346075422e6,0.2350397806661937,0.1877871623048766,0.12397341095551456,-5.1967739483018055e-17,-0.0,-0.0,-0.0,0.0,1.6629829073019646,1.8535207193163883,1.938848936893691,1.9447169165906275,40882.333,38002.49,35219.046,27502.824
URY,0.00422,0.00316,30.9,1230.0,296.0,11100.0,185000.0,7.58e6,0.0311,1.35,0.686,51600.0,2.09e6,3510.0,0.0,0.0,41.37377186337433,112.1049123472197,205.859375,480.9448597174765,0.18682564022836087,0.37091869060839927,0.5774641209702325,1.0000000000000002,25856.70471072633,31809.827043525493,38875.32374043177,66554.97852932313,0.0003166933110036453,0.0013616393505553814,0.0031527867166017782,0.007336539877616985,0.027082337674480296,0.030456059684254584,0.03198592333704144,0.032091567033149956,14.451584989507053,17.562368462394222,21.74673430587959,40.95146098172139,94824.34564795074,118967.11510342438,146458.26968140746,238143.3496390045,0.008213990095195564,0.006371853655323142,0.004267266591030259,-2.097239489087732e-18,-0.0,-0.0,-0.0,0.0,1.1905050046977559,1.3269082219475063,1.3879934379299894,1.3921942382905905,3569.471,3624.469,3639.106,3441.452
USA,0.0115,1.85,40.2,1800.0,296.0,11100.0,3.29e7,1.42e9,0.0273,1.81,0.686,80000.0,3.53e6,393000.0,0.0,0.0,41.37377186337433,112.1049123472197,205.859375,480.9448597174765,0.18682564022836087,0.37091869060839927,0.5774641209702325,1.0000000000000002,66503.99421884897,70617.99050536811,74629.1240877547,86916.70921219353,0.000760958875570449,0.003642406086428504,0.00902664117807223,0.020324758686584156,0.023618641151116258,0.026709453876430728,0.02812060881026611,0.02821827201277842,36.070242304006634,36.858194234126636,38.01957481575568,42.62629172588354,2.3819901639305055e7,2.667516704347776e7,2.9377146976951476e7,3.787573617898824e7,4.957886501555313,3.821838044649492,2.4506262416154168,-9.240697782388401e-16,-0.0,-0.0,-0.0,0.0,1.590637486950912,1.772886255198002,1.8545024046949112,1.8601151072895261,349641.876,366572.15,379419.097,415197.398
UZB,0.00934,0.0514,21.8,862.0,296.0,11100.0,1.67e6,6.46e7,0.0313,2.03,0.686,37200.0,1.45e6,42300.0,0.0,0.0,41.37377186337433,112.1049123472197,205.859375,480.9448597174765,0.18682564022836087,0.37091869060839927,0.5774641209702325,1.0000000000000002,14543.241982669759,19242.12088339965,25290.18801322756,50409.55931909058,0.0007213012072368884,0.0032430358885238023,0.007651168765601196,0.01611947742835544,0.02702588584133467,0.03061480324652752,0.03225684385883761,0.03237056513229164,9.232057611195243,11.874022496640412,15.321327941511512,29.27720571424862,559296.0910836227,807933.6772292085,1.129698831334404e6,2.3293870530042937e6,0.11034530842916296,0.10306334521509355,0.07987883930031686,-4.5072422617020766e-17,-0.0,-0.0,-0.0,0.0,1.7880928405702445,1.9929652394535637,2.08471289018326,2.0910223311514335,37418.45,40608.381,42942.489,44038.803
VCT,0.0053,6.38e-5,16.2,633.0,296.0,11100.0,2850.0,117000.0,0.0483,1.2,0.686,28800.0,1.14e6,99.4,0.0,0.0,41.37377186337433,112.1049123472197,205.859375,480.9448597174765,0.18682564022836087,0.37091869060839927,0.5774641209702325,1.0000000000000002,13628.176990502268,15981.12241180137,19291.477385474773,38063.74715540465,0.00039782372569830554,0.0017104637852269886,0.003960466843949888,0.009216012863038293,0.04211689482416076,0.047313815312878815,0.04966760768269342,0.04983008454500131,7.484627502994249,8.513106546703586,10.263303490990035,21.637927472206826,1606.0645629636979,1885.9489202598313,2218.3859431976857,3638.4456009243886,0.000174762846514254,0.00012688800758849837,8.119415588353485e-5,-4.0251052816063434e-20,-0.0,-0.0,-0.0,0.0,1.0561083073356592,1.1771128980902736,1.2313021739017362,1.2350287438370016,113.041,112.487,109.118,90.212
VNM,0.0114,0.118,18.8,698.0,296.0,11100.0,3.78e6,1.45e8,0.0606,1.58,0.686,33700.0,1.28e6,105000.0,0.0,0.0,41.37377186337433,112.1049123472197,205.859375,480.9448597174765,0.18682564022836087,0.37091869060839927,0.5774641209702325,1.0000000000000002,10649.696826620017,15159.95183621038,21036.65533235597,47172.80998309623,0.0007391272639021795,0.003374658465108957,0.008186407917327594,0.020207905998622776,0.052639645395618634,0.05928311312928623,0.062302687721226824,0.06251136586747479,5.1068095564321165,7.319934025655803,10.409572772509186,27.002323868267272,1.1685673422184729e6,1.73690754761514e6,2.469592639511991e6,5.315840751511383e6,0.2362481394761113,0.23055964631574194,0.18683575349415896,-1.2894709460374302e-16,-0.0,-0.0,-0.0,0.0,1.3943022675018608,1.554055745526223,1.6255978682549217,1.6305177849667343,104163.523,107795.035,109605.01,103915.555
VUT,0.00441,0.000127,13.5,492.0,296.0,11100.0,18800.0,650000.0,0.0482,1.31,0.686,22800.0,843000.0,665.0,0.0,0.0,41.37377186337433,112.1049123472197,205.859375,480.9448597174765,0.18682564022836087,0.37091869060839927,0.5774641209702325,1.0000000000000002,6447.039334868681,8957.995366570967,12376.468542147639,31657.408023774573,0.00028597049528878614,0.0013056652079139433,0.0031673451123892553,0.007818497800590124,0.04195762421373823,0.0471629521733225,0.049522467491183046,0.04968538309148881,3.382208258983072,4.715111179467912,6.685734111756718,19.196439605463336,2576.087703353915,4391.305373155666,7254.8168275414555,27544.167302387363,0.00020150104460511486,0.00022552891958063398,0.0002123553088521111,-2.5850637161177147e-19,-0.0,-0.0,-0.0,0.0,1.1558677052889683,1.2883023217705085,1.3476102861605275,1.351688865800281,383.377,467.521,556.75,822.405999999999
WSM,0.0112,0.000133,8.53,319.0,296.0,11100.0,5110.0,189000.0,0.0464,1.21,0.686,16300.0,621000.0,279.0,0.0,0.0,41.37377186337433,112.1049123472197,205.859375,480.9448597174765,0.18682564022836087,0.37091869060839927,0.5774641209702325,1.0000000000000002,5806.533900722966,7574.340326209396,9963.90810254959,22047.188028460783,0.0007263732177088545,0.0033164268830083803,0.008045146960203958,0.01985920750086189,0.04049172870357935,0.04548677062142122,0.047749001132697914,0.0479051546782224,2.6855436125610694,3.562844334033397,4.752554300467976,11.766824558848038,1332.3542229572554,1937.752335243459,2814.104518980782,7347.275199001947,0.00026471280828138926,0.0002527816034964016,0.00020922592180219925,-1.7514853403347185e-19,-0.0,-0.0,-0.0,0.0,1.0638035534469186,1.1856898341759239,1.2402739556779883,1.2440276789578524,220.368,243.889,267.39,311.702
YEM,0.00586,0.00657,4.34,162.0,296.0,11100.0,389000.0,1.43e7,0.0653,1.93,0.686,6940.0,261000.0,49200.0,0.0,0.0,41.37377186337433,112.1049123472197,205.859375,480.9448597174765,0.18682564022836087,0.37091869060839927,0.5774641209702325,1.0000000000000002,2190.247022065155,2901.8854471125273,3947.1368626109715,9906.668833279384,0.0005741026540395533,0.00247169428825101,0.005543735565073348,0.009606999589923759,0.05662735188541795,0.0639110533838083,0.0672312784189599,0.06746095543550559,1.316561173906148,1.7133787266227585,2.357622787572644,6.289352416755985,84303.96281105294,132063.63121299804,203666.5045875774,588084.6489775109,0.013238323026082138,0.012839696466094619,0.010434301964575907,-6.781814416302668e-18,-0.0,-0.0,-0.0,0.0,1.698244795841539,1.8928227715042634,1.979960288554387,1.985952692889194,36406.895,42670.023,48080.012,55076.681
ZAF,0.00642,0.0899,6.0,240.0,296.0,11100.0,2.47e6,9.79e7,0.0484,2.08,0.686,30200.0,1.22e6,75900.0,0.0,0.0,41.37377186337433,112.1049123472197,205.859375,480.9448597174765,0.18682564022836087,0.37091869060839927,0.5774641209702325,1.0000000000000002,14723.387380440216,18050.120746152807,22327.591331596468,39345.488328555155,0.0009101224133744797,0.0034609248855201596,0.006974547248637864,0.009718351924039761,0.04191192073901175,0.04737263932845543,0.04986572697902893,0.05003827168295355,2.851113703816636,3.468746649464885,4.351672203561235,7.881794266382599,1.0127193048484123e6,1.3540508894215145e6,1.7826464103305296e6,3.3369969973859163e6,0.25210666554596217,0.1843333555944521,0.11490065761806491,-3.892841520515432e-17,-0.0,-0.0,-0.0,0.0,1.8337673283547025,2.0438729241212354,2.137964148326216,2.144434755693521,65956.09,71375.306,75517.909,79986.092
ZMB,0.00214,0.00575,6.57,233.0,296.0,11100.0,1.59e6,5.27e7,0.0693,2.25,0.686,23300.0,834000.0,50300.0,0.0,0.0,41.37377186337433,112.1049123472197,205.859375,480.9448597174765,0.18682564022836087,0.37091869060839927,0.5774641209702325,1.0000000000000002,4483.219916526746,6863.1663758501245,10653.789941949992,34400.74510706271,0.00030409915683680255,0.0011563986603295967,0.002330405126234954,0.003247192446328427,0.05990260164811468,0.06775235236052804,0.07134075258316389,0.07158921322395748,1.1675949361679838,1.80900511379923,2.875481724552745,9.725149529413855,115624.50893367054,229919.38937524724,447562.73819454404,2.404481427348843e6,0.00961746350661295,0.010458272313839364,0.009638881337188723,-9.372333651931942e-18,-0.0,-0.0,-0.0,0.0,1.980150408415199,2.207027981613485,2.3086301713552686,2.3156173041408437,24325.502,31338.487,39120.906,65014.872
ZWE,0.00372,0.00399,6.99,259.0,296.0,11100.0,352000.0,1.26e7,0.0692,2.39,0.686,11500.0,430000.0,25800.0,0.0,0.0,41.37377186337433,112.1049123472197,205.859375,480.9448597174765,0.18682564022836087,0.37091869060839927,0.5774641209702325,1.0000000000000002,3161.4712342560742,4352.1293736469515,6460.878976093481,16716.087206579465,0.0005268902496501075,0.002003606932600259,0.004037721615278174,0.005626171596477346,0.05971701472577201,0.06760833743538414,0.07122017840504355,0.07147036321518362,1.8957413535797831,2.53074452500581,3.691852874614039,10.17007722157523,58983.815914588704,97134.66303680497,166416.07608851395,540607.9335123177,0.00850057800720663,0.0076553232236405465,0.006209733111320092,-3.6510154828788366e-18,-0.0,-0.0,-0.0,0.0,2.100760436850054,2.3414570161391834,2.449247747388583,2.456660463140162,17596.441,20863.61,23947.921,30013.546
EU27,0.000144,0.309,46.8,1970.0,337.0,12700.0,3.1e7,1.33e9,0.0119,1.55,0.728,82400.0,3.46e6,404000.0,0.0,0.0,47.33200600732343,127.81326628806346,234.45095486111111,547.7427569004592,0.19856114429939759,0.39371891586546187,0.6127128445187021,1.0610405430717436,52772.16067348141,60159.23402959,68056.71055689659,98958.05152804495,0.0004899192022508738,0.0005175415161413675,0.0,0.0,0.010223753530330712,0.01165233339957066,0.012309747064293046,0.01235536034931615,30.74923196671681,34.38229719685932,38.420757029628746,55.78134283971588,2.241572346091656e7,2.4848356648585264e7,2.7128757634210914e7,3.541295283506309e7,1.6332442827928222,0.2463028480999156,0.0,-0.0,-0.0,-0.0,0.0,0.0,1.3631526154716356,1.5193370931672574,1.589280916674586,1.5940909191323938,441899.772,434457.8890000003,422712.76600000006,379853.90300000005
outside_union,0.0066,10.5,13.6,523.0,296.0,11100.0,3.51e8,1.38e10,0.0506,1.76,0.686,38200.0,1.54e6,9.44e6,0.0,0.0,41.37377186337443,112.1049123472199,205.859375,480.9448597174774,0.18682564022836065,0.3709186906083987,0.5774641209702335,1.0000000000000002,19762.555120946196,23483.717856356227,28106.38731156561,48783.197419688746,0.0005606587997796708,0.0024095890283397847,0.005492503198664352,0.011230975557561784,0.04385055476392741,0.04950921748842626,0.05208954317783277,0.0522680560978506,4.859407141653455,6.368023721006004,8.505302815956934,18.89088774138176,1.434369972289771e8,1.8741214914817557e8,2.4084553615605387e8,4.694584476860129e8,29.460909481280435,21.381086964925135,12.97999367559086,-6.264907025306906e-15,-0.0,-0.0,-0.0,0.0,1.55216142721628,1.7300017651634663,1.8096436949722843,1.815120631446664,8.001060099000002e6,8.646866427e6,9.183440870000001e6,1.0134353733e7
